State,County,Avg_Days_Over,Yearly_Asthma_EDVisits,Population,PM2.5_Annual_Avg,A_Visits/Pop,A/Pop_Avg-PM2.5_lvl,Yearly_AVisits_Avg-PM2.5_lvl,At_Risk
California,San Bernardino,114.0,12050.0,1899318.0,19.0,0.01,0.01,8262.0,1
California,Kern,105.0,4473.0,760124.0,19.0,0.01,0.01,8262.0,1
California,Riverside,108.0,9079.0,1911108.0,21.0,0.0,0.0,9079.0,0
California,Tulare,105.0,2388.0,407989.0,17.0,0.01,0.01,3439.0,1
California,Fresno,78.0,6759.0,872261.0,17.0,0.01,0.01,3439.0,1
California,Kings,39.0,1169.0,140771.0,17.0,0.01,0.01,3439.0,1
California,El Dorado,43.0,563.0,170414.0,11.0,0.0,0.0026,537.0,0
Arizona,Maricopa,28.0,17098.0,3501591.0,11.0,0.0,0.0026,537.0,0
California,Imperial,23.0,1464.0,158779.0,11.0,0.01,0.0026,537.0,1
New Jersey,Ocean,20.0,3269.0,548009.0,11.0,0.01,0.0026,537.0,1
California,Calaveras,20.0,195.0,43463.0,11.0,0.0,0.0026,537.0,0
California,Butte,18.0,1006.0,212913.0,11.0,0.0,0.0026,537.0,0
California,Yuba,18.0,337.0,66979.0,11.0,0.01,0.0026,537.0,1
California,Tuolumne,18.0,276.0,54934.0,11.0,0.01,0.0026,537.0,1
New Jersey,Cape May,17.0,499.0,99018.0,11.0,0.01,0.0026,537.0,1
New York,Suffolk,15.0,8301.0,1460278.0,11.0,0.01,0.0026,537.0,1
Maryland,Somerset,14.0,204.0,25648.0,11.0,0.01,0.0026,537.0,1
New Jersey,Sussex,13.0,660.0,146535.0,11.0,0.0,0.0026,537.0,0
Massachusetts,Plymouth,13.0,3262.0,485328.0,11.0,0.01,0.0026,537.0,1
New York,Chautauqua,13.0,835.0,136591.0,11.0,0.01,0.0026,537.0,1
California,Amador,12.0,188.0,36669.0,11.0,0.01,0.0026,537.0,1
Wisconsin,Sheboygan,12.0,291.0,113938.0,11.0,0.0,0.0026,537.0,0
Connecticut,Windham,11.0,369.0,113983.0,11.0,0.0,0.0026,537.0,0
North Carolina,Haywood,11.0,225.0,56640.0,11.0,0.0,0.0026,537.0,0
Connecticut,Tolland,11.0,231.0,145313.0,11.0,0.0,0.0026,537.0,0
Connecticut,Litchfield,10.0,305.0,186090.0,11.0,0.0,0.0026,537.0,0
Louisiana,St. Tammany,10.0,794.0,215604.0,11.0,0.0,0.0026,537.0,0
Louisiana,Iberia,10.0,363.0,73105.0,11.0,0.0,0.0026,537.0,0
Massachusetts,Hampshire,10.0,654.0,155917.0,11.0,0.0,0.0026,537.0,0
Massachusetts,Essex,10.0,5357.0,735668.0,11.0,0.01,0.0026,537.0,1
Massachusetts,Bristol,10.0,4637.0,542796.0,11.0,0.01,0.0026,537.0,1
California,Santa Barbara,10.0,1354.0,412842.0,11.0,0.0,0.0026,537.0,0
New York,Putnam,9.0,316.0,97819.0,11.0,0.0,0.0026,537.0,0
Connecticut,New London,9.0,976.0,267359.0,11.0,0.0,0.0026,537.0,0
Massachusetts,Worcester,9.0,5749.0,778233.0,11.0,0.01,0.0026,537.0,1
Missouri,Clinton,9.0,75.0,19898.0,11.0,0.0,0.0026,537.0,0
Connecticut,Hartford,9.0,3240.0,877098.0,11.0,0.0,0.0026,537.0,0
New York,Orleans,9.0,173.0,43297.0,11.0,0.0,0.0026,537.0,0
Louisiana,Terrebonne,9.0,704.0,108409.0,11.0,0.01,0.0026,537.0,1
Rhode Island,Providence,9.0,4667.0,626349.0,11.0,0.01,0.0026,537.0,1
Louisiana,Tangipahoa,9.0,750.0,111432.0,11.0,0.01,0.0026,537.0,1
Wisconsin,Manitowoc,8.0,280.0,81702.0,11.0,0.0,0.0026,537.0,0
New York,Columbia,8.0,265.0,63026.0,11.0,0.0,0.0026,537.0,0
Utah,Weber,8.0,600.0,214354.0,11.0,0.0,0.0026,537.0,0
New York,Genesee,8.0,218.0,60080.0,11.0,0.0,0.0026,537.0,0
Kansas,Montgomery,8.0,83.0,35442.0,11.0,0.0,0.0026,537.0,0
Louisiana,Bossier,8.0,765.0,109519.0,11.0,0.01,0.0026,537.0,1
Louisiana,Jefferson,8.0,2565.0,444829.0,11.0,0.01,0.0026,537.0,1
New York,Orange,8.0,2677.0,359090.0,11.0,0.01,0.0026,537.0,1
Utah,Davis,8.0,558.0,275980.0,11.0,0.0,0.0026,537.0,0
North Carolina,Graham,7.0,28.0,8382.0,11.0,0.0,0.0026,537.0,0
North Carolina,Yancey,7.0,48.0,17631.0,11.0,0.0,0.0026,537.0,0
New York,Cattaraugus,7.0,448.0,81812.0,11.0,0.01,0.0026,537.0,1
North Carolina,Warren,7.0,34.0,20302.0,11.0,0.0,0.0026,537.0,0
New York,Rensselaer,7.0,1083.0,156507.0,11.0,0.01,0.0026,537.0,1
North Carolina,Jackson,7.0,120.0,36879.0,11.0,0.0,0.0026,537.0,0
New Hampshire,Hillsborough,7.0,2004.0,391407.0,11.0,0.01,0.0026,537.0,1
Missouri,Ray,7.0,91.0,23343.0,11.0,0.0,0.0026,537.0,0
Louisiana,East Feliciana,7.0,87.0,20442.0,11.0,0.0,0.0026,537.0,0
New York,Saratoga,7.0,643.0,211779.0,11.0,0.0,0.0026,537.0,0
California,San Benito,6.0,282.0,53923.0,11.0,0.01,0.0026,537.0,1
New York,Dutchess,6.0,1552.0,289381.0,11.0,0.01,0.0026,537.0,1
Missouri,Buchanan,6.0,520.0,87297.0,11.0,0.01,0.0026,537.0,1
Louisiana,St. Bernard,6.0,119.0,52039.0,11.0,0.0,0.0026,537.0,0
New York,Wyoming,6.0,142.0,42589.0,11.0,0.0,0.0026,537.0,0
California,Contra Costa,6.0,6951.0,1006506.0,11.0,0.01,0.0026,537.0,1
North Carolina,Transylvania,6.0,39.0,31061.0,11.0,0.0,0.0026,537.0,0
California,Yolo,6.0,727.0,186906.0,11.0,0.0,0.0026,537.0,0
Louisiana,St. Landry,6.0,600.0,84757.0,11.0,0.01,0.0026,537.0,1
Louisiana,Lafayette,6.0,1022.0,207996.0,11.0,0.0,0.0026,537.0,0
Kansas,Labette,6.0,95.0,21982.0,11.0,0.0,0.0026,537.0,0
New York,Monroe,6.0,4656.0,741461.0,11.0,0.01,0.0026,537.0,1
New York,Cayuga,6.0,330.0,80797.0,11.0,0.0,0.0026,537.0,0
Utah,Utah,5.0,760.0,449004.0,11.0,0.0,0.0026,537.0,0
Louisiana,West Feliciana,5.0,13.0,15227.0,11.0,0.0,0.0026,537.0,0
Tennessee,Unicoi,5.0,120.0,17914.0,11.0,0.01,0.0026,537.0,1
North Carolina,Hertford,5.0,128.0,23755.0,11.0,0.01,0.0026,537.0,1
Missouri,Washington,5.0,160.0,24182.0,11.0,0.01,0.0026,537.0,1
Kansas,Sedgwick,5.0,3297.0,474925.0,11.0,0.01,0.0026,537.0,1
New York,Albany,5.0,2098.0,301750.0,11.0,0.01,0.0026,537.0,1
New York,Ulster,5.0,888.0,180018.0,11.0,0.0,0.0026,537.0,0
Tennessee,Johnson,5.0,76.0,17837.0,11.0,0.0,0.0026,537.0,0
New York,Onondaga,5.0,2128.0,463382.0,11.0,0.0,0.0026,537.0,0
Florida,Okaloosa,5.0,998.0,180087.0,11.0,0.01,0.0026,537.0,1
Kansas,Cowley,5.0,138.0,36303.0,11.0,0.0,0.0026,537.0,0
Kansas,Sumner,5.0,53.0,24780.0,11.0,0.0,0.0026,537.0,0
North Carolina,Mitchell,5.0,42.0,15551.0,11.0,0.0,0.0026,537.0,0
Kansas,Cherokee,5.0,27.0,21867.0,11.0,0.0,0.0026,537.0,0
Louisiana,St. Mary,5.0,399.0,53880.0,11.0,0.01,0.0026,537.0,1
North Carolina,Gates,5.0,35.0,11240.0,11.0,0.0,0.0026,537.0,0
Tennessee,Hardeman,5.0,278.0,27278.0,11.0,0.01,0.0026,537.0,1
New York,Wayne,5.0,388.0,93347.0,11.0,0.0,0.0026,537.0,0
Missouri,Lafayette,4.0,122.0,32976.0,11.0,0.0,0.0026,537.0,0
North Carolina,Bertie,4.0,165.0,20318.0,11.0,0.01,0.0026,537.0,1
New York,Livingston,4.0,247.0,64904.0,11.0,0.0,0.0026,537.0,0
North Carolina,Macon,4.0,118.0,31797.0,11.0,0.0,0.0026,537.0,0
New York,Ontario,4.0,420.0,104415.0,11.0,0.0,0.0026,537.0,0
Missouri,Caldwell,4.0,32.0,9103.0,11.0,0.0,0.0026,537.0,0
Kansas,Wilson,4.0,15.0,9757.0,11.0,0.0,0.0026,537.0,0
North Carolina,Watauga,4.0,95.0,47269.0,11.0,0.0,0.0026,537.0,0
Kansas,Miami,4.0,41.0,30466.0,11.0,0.0,0.0026,537.0,0
Tennessee,Decatur,4.0,61.0,11643.0,11.0,0.01,0.0026,537.0,1
New York,Broome,4.0,1091.0,200410.0,11.0,0.01,0.0026,537.0,1
Missouri,Montgomery,4.0,49.0,12069.0,11.0,0.0,0.0026,537.0,0
Missouri,DeKalb,4.0,29.0,12559.0,11.0,0.0,0.0026,537.0,0
Tennessee,Henderson,4.0,124.0,26587.0,11.0,0.0,0.0026,537.0,0
New York,Seneca,4.0,107.0,34717.0,11.0,0.0,0.0026,537.0,0
California,Solano,4.0,2953.0,405857.0,11.0,0.01,0.0026,537.0,1
Wisconsin,Calumet,4.0,68.0,45372.0,11.0,0.0,0.0026,537.0,0
North Carolina,Martin,4.0,100.0,24705.0,11.0,0.0,0.0026,537.0,0
Louisiana,Orleans,4.0,2951.0,412733.0,11.0,0.01,0.0026,537.0,1
Missouri,Cass,4.0,355.0,91311.0,11.0,0.0,0.0026,537.0,0
Florida,Walton,4.0,220.0,49251.0,11.0,0.0,0.0026,537.0,0
North Carolina,Beaufort,4.0,236.0,46145.0,11.0,0.01,0.0026,537.0,1
Wisconsin,Fond du Lac,4.0,251.0,99445.0,11.0,0.0,0.0026,537.0,0
Louisiana,Avoyelles,4.0,109.0,41459.0,11.0,0.0,0.0026,537.0,0
North Carolina,Ashe,4.0,78.0,25754.0,11.0,0.0,0.0026,537.0,0
Louisiana,De Soto,4.0,203.0,26127.0,11.0,0.01,0.0026,537.0,1
Kansas,Neosho,4.0,12.0,16672.0,11.0,0.0,0.0026,537.0,0
Wisconsin,Winnebago,4.0,469.0,162017.0,11.0,0.0,0.0026,537.0,0
Kansas,Crawford,3.0,70.0,38695.0,11.0,0.0,0.0026,537.0,0
Wisconsin,Dodge,3.0,343.0,87172.0,11.0,0.0,0.0026,537.0,0
Wisconsin,Brown,3.0,1049.0,238827.0,11.0,0.0,0.0026,537.0,0
North Carolina,Clay,3.0,22.0,9740.0,11.0,0.0,0.0026,537.0,0
North Carolina,Brunswick,3.0,449.0,91850.0,11.0,0.0,0.0026,537.0,0
Wisconsin,Green Lake,3.0,66.0,19074.0,11.0,0.0,0.0026,537.0,0
Tennessee,Hardin,3.0,98.0,25683.0,11.0,0.0,0.0026,537.0,0
Tennessee,McNairy,3.0,115.0,25180.0,11.0,0.0,0.0026,537.0,0
Missouri,Gasconade,3.0,42.0,15183.0,11.0,0.0,0.0026,537.0,0
North Carolina,Pender,3.0,216.0,46955.0,11.0,0.0,0.0026,537.0,0
Missouri,Andrew,3.0,37.0,16745.0,11.0,0.0,0.0026,537.0,0
Louisiana,Washington,3.0,87.0,45316.0,11.0,0.0,0.0026,537.0,0
North Carolina,Alleghany,3.0,26.0,10806.0,11.0,0.0,0.0026,537.0,0
New York,Schenectady,3.0,1106.0,151085.0,11.0,0.01,0.0026,537.0,1
Missouri,Madison,3.0,82.0,12021.0,11.0,0.01,0.0026,537.0,1
South Carolina,Beaufort,3.0,765.0,143820.0,11.0,0.01,0.0026,537.0,1
South Carolina,Horry,3.0,1525.0,237044.0,11.0,0.01,0.0026,537.0,1
Missouri,Audrain,3.0,159.0,25644.0,11.0,0.01,0.0026,537.0,1
Tennessee,Perry,3.0,38.0,7670.0,11.0,0.0,0.0026,537.0,0
North Carolina,Onslow,3.0,460.0,166260.0,11.0,0.0,0.0026,537.0,0
Kansas,Allen,3.0,29.0,13752.0,11.0,0.0,0.0026,537.0,0
Missouri,Barton,3.0,80.0,12494.0,11.0,0.01,0.0026,537.0,1
Missouri,Cedar,3.0,96.0,13851.0,11.0,0.01,0.0026,537.0,1
Wisconsin,Marquette,3.0,56.0,15186.0,11.0,0.0,0.0026,537.0,0
Louisiana,Ouachita,3.0,667.0,150962.0,11.0,0.0,0.0026,537.0,0
Missouri,Newton,3.0,388.0,55354.0,11.0,0.01,0.0026,537.0,1
Missouri,Crawford,3.0,91.0,23802.0,11.0,0.0,0.0026,537.0,0
Missouri,Vernon,3.0,167.0,20627.0,11.0,0.01,0.0026,537.0,1
North Carolina,Craven,3.0,855.0,96932.0,11.0,0.01,0.0026,537.0,1
Kansas,Douglas,3.0,265.0,106199.0,11.0,0.0,0.0026,537.0,0
North Carolina,Avery,3.0,65.0,17488.0,11.0,0.0,0.0026,537.0,0
Tennessee,Chester,3.0,55.0,16243.0,11.0,0.0,0.0026,537.0,0
Kansas,Atchison,3.0,88.0,16795.0,11.0,0.01,0.0026,537.0,1
Tennessee,Wayne,3.0,49.0,16907.0,11.0,0.0,0.0026,537.0,0
Missouri,Iron,3.0,41.0,10642.0,11.0,0.0,0.0026,537.0,0
Missouri,Carroll,3.0,43.0,9720.0,11.0,0.0,0.0026,537.0,0
Missouri,Ralls,3.0,18.0,9858.0,11.0,0.0,0.0026,537.0,0
Missouri,Wayne,3.0,36.0,13347.0,11.0,0.0,0.0026,537.0,0
Kansas,Doniphan,3.0,11.0,7994.0,11.0,0.0,0.0026,537.0,0
Missouri,Greene,3.0,1186.0,259874.0,11.0,0.0,0.0026,537.0,0
Missouri,Johnson,3.0,196.0,50919.0,11.0,0.0,0.0026,537.0,0
Tennessee,Lewis,3.0,23.0,11671.0,11.0,0.0,0.0026,537.0,0
Kansas,Butler,3.0,92.0,62615.0,11.0,0.0,0.0026,537.0,0
Kansas,Chautauqua,3.0,7.0,3943.0,11.0,0.0,0.0026,537.0,0
Kansas,Bourbon,3.0,51.0,15128.0,11.0,0.0,0.0026,537.0,0
Missouri,Boone,3.0,732.0,151054.0,11.0,0.0,0.0026,537.0,0
Louisiana,Madison,2.0,118.0,12716.0,11.0,0.01,0.0026,537.0,1
Missouri,Saline,2.0,102.0,23277.0,11.0,0.0,0.0026,537.0,0
North Carolina,Jones,2.0,82.0,10083.0,11.0,0.01,0.0026,537.0,1
Missouri,Callaway,2.0,210.0,42396.0,11.0,0.0,0.0026,537.0,0
Missouri,Monroe,2.0,24.0,9052.0,11.0,0.0,0.0026,537.0,0
Kansas,Jefferson,2.0,36.0,18732.0,11.0,0.0,0.0026,537.0,0
Missouri,Bates,2.0,82.0,16743.0,11.0,0.0,0.0026,537.0,0
Kansas,Woodson,2.0,8.0,3513.0,11.0,0.0,0.0026,537.0,0
Wisconsin,Outagamie,2.0,438.0,169755.0,11.0,0.0,0.0026,537.0,0
Wisconsin,Waupaca,2.0,218.0,51998.0,11.0,0.0,0.0026,537.0,0
Missouri,Christian,2.0,174.0,66525.0,11.0,0.0,0.0026,537.0,0
Missouri,Pettis,2.0,192.0,40606.0,11.0,0.0,0.0026,537.0,0
Kansas,Franklin,2.0,129.0,25306.0,11.0,0.01,0.0026,537.0,1
Missouri,Chariton,2.0,17.0,8083.0,11.0,0.0,0.0026,537.0,0
Missouri,Howard,2.0,33.0,10142.0,11.0,0.0,0.0026,537.0,0
Kansas,Anderson,2.0,42.0,8049.0,11.0,0.01,0.0026,537.0,1
Kansas,Coffey,2.0,26.0,8642.0,11.0,0.0,0.0026,537.0,0
Kansas,Shawnee,2.0,970.0,173583.0,11.0,0.01,0.0026,537.0,1
Louisiana,Richland,2.0,68.0,20776.0,11.0,0.0,0.0026,537.0,0
Missouri,Randolph,2.0,127.0,25062.0,11.0,0.01,0.0026,537.0,1
Louisiana,Bienville,2.0,55.0,14886.0,11.0,0.0,0.0026,537.0,0
South Carolina,Charleston,2.0,2248.0,335942.0,11.0,0.01,0.0026,537.0,1
Louisiana,Beauregard,2.0,172.0,34274.0,11.0,0.01,0.0026,537.0,1
Kansas,Linn,2.0,14.0,9610.0,11.0,0.0,0.0026,537.0,0
Missouri,McDonald,2.0,88.0,22239.0,11.0,0.0,0.0026,537.0,0
Missouri,Macon,2.0,48.0,15536.0,11.0,0.0,0.0026,537.0,0
Missouri,St. Clair,2.0,39.0,9593.0,11.0,0.0,0.0026,537.0,0
Kansas,Osage,2.0,52.0,16460.0,11.0,0.0,0.0026,537.0,0
Missouri,Lawrence,2.0,207.0,36816.0,11.0,0.01,0.0026,537.0,1
Louisiana,Union,2.0,93.0,22621.0,11.0,0.0,0.0026,537.0,0
Missouri,Henry,2.0,121.0,22111.0,11.0,0.01,0.0026,537.0,1
Missouri,Dade,2.0,25.0,7825.0,11.0,0.0,0.0026,537.0,0
Iowa,Van Buren,2.0,26.0,7626.0,11.0,0.0,0.0026,537.0,0
Kansas,Elk,2.0,2.0,3002.0,11.0,0.0,0.0026,537.0,0
Louisiana,East Carroll,2.0,7.0,8413.0,11.0,0.0,0.0026,537.0,0
Missouri,Lewis,2.0,8.0,10268.0,11.0,0.0,0.0026,537.0,0
Missouri,Shelby,2.0,14.0,6540.0,11.0,0.0,0.0026,537.0,0
Missouri,Osage,2.0,26.0,13388.0,11.0,0.0,0.0026,537.0,0
Louisiana,Franklin,2.0,57.0,20902.0,11.0,0.0,0.0026,537.0,0
Louisiana,Tensas,2.0,19.0,5769.0,11.0,0.0,0.0026,537.0,0
Minnesota,Washington,2.0,626.0,221257.0,11.0,0.0,0.0026,537.0,0
Kansas,Greenwood,2.0,18.0,7114.0,11.0,0.0,0.0026,537.0,0
Louisiana,West Carroll,2.0,10.0,11888.0,11.0,0.0,0.0026,537.0,0
Missouri,Cooper,2.0,85.0,17158.0,11.0,0.0,0.0026,537.0,0
Louisiana,Webster,2.0,374.0,41275.0,11.0,0.01,0.0026,537.0,1
Missouri,Linn,2.0,56.0,13112.0,11.0,0.0,0.0026,537.0,0
Louisiana,Rapides,2.0,831.0,128917.0,11.0,0.01,0.0026,537.0,1
Louisiana,Lincoln,1.0,242.0,44836.0,11.0,0.01,0.0026,537.0,1
Kansas,Lyon,1.0,119.0,34994.0,11.0,0.0,0.0026,537.0,0
Missouri,Stone,1.0,71.0,30279.0,11.0,0.0,0.0026,537.0,0
Missouri,Reynolds,1.0,22.0,6606.0,11.0,0.0,0.0026,537.0,0
South Carolina,Georgetown,1.0,414.0,58234.0,11.0,0.01,0.0026,537.0,1
Missouri,Knox,1.0,9.0,4200.0,11.0,0.0,0.0026,537.0,0
Missouri,Cole,1.0,378.0,73581.0,11.0,0.01,0.0026,537.0,1
Missouri,Carter,1.0,17.0,6092.0,11.0,0.0,0.0026,537.0,0
Florida,Leon,1.0,1242.0,259052.0,11.0,0.0,0.0026,537.0,0
Wisconsin,Iowa,1.0,62.0,23183.0,11.0,0.0,0.0026,537.0,0
Missouri,Polk,1.0,118.0,29153.0,11.0,0.0,0.0026,537.0,0
Wisconsin,Sauk,1.0,228.0,58695.0,11.0,0.0,0.0026,537.0,0
Louisiana,Jackson,1.0,20.0,15812.0,11.0,0.0,0.0026,537.0,0
Kansas,Harvey,1.0,97.0,33792.0,11.0,0.0,0.0026,537.0,0
Missouri,Clark,1.0,7.0,7220.0,11.0,0.0,0.0026,537.0,0
North Carolina,Swain,1.0,67.0,13465.0,11.0,0.0,0.0026,537.0,0
Missouri,Maries,1.0,13.0,8973.0,11.0,0.0,0.0026,537.0,0
Missouri,Barry,1.0,186.0,34769.0,11.0,0.01,0.0026,537.0,1
Missouri,Moniteau,1.0,46.0,15176.0,11.0,0.0,0.0026,537.0,0
Missouri,Taney,1.0,174.0,45691.0,11.0,0.0,0.0026,537.0,0
Louisiana,Natchitoches,1.0,150.0,38994.0,11.0,0.0,0.0026,537.0,0
Wisconsin,Pierce,1.0,118.0,38892.0,11.0,0.0,0.0026,537.0,0
Missouri,Scotland,1.0,14.0,4868.0,11.0,0.0,0.0026,537.0,0
Missouri,Camden,1.0,167.0,40457.0,11.0,0.0,0.0026,537.0,0
Missouri,Benton,1.0,55.0,18122.0,11.0,0.0,0.0026,537.0,0
Missouri,Morgan,1.0,64.0,19794.0,11.0,0.0,0.0026,537.0,0
Missouri,Phelps,1.0,176.0,42633.0,11.0,0.0,0.0026,537.0,0
Iowa,Linn,1.0,919.0,202320.0,11.0,0.0,0.0026,537.0,0
Minnesota,Goodhue,1.0,213.0,45165.0,11.0,0.0,0.0026,537.0,0
Wisconsin,Richland,1.0,62.0,17970.0,11.0,0.0,0.0026,537.0,0
Minnesota,Rice,1.0,212.0,60583.0,11.0,0.0,0.0026,537.0,0
Florida,Gadsden,1.0,421.0,45665.0,11.0,0.01,0.0026,537.0,1
Missouri,Webster,1.0,90.0,33736.0,11.0,0.0,0.0026,537.0,0
Utah,Cache,1.0,183.0,102590.0,11.0,0.0,0.0026,537.0,0
Florida,Washington,1.0,115.0,22699.0,11.0,0.01,0.0026,537.0,1
Minnesota,Wright,1.0,330.0,109347.0,11.0,0.0,0.0026,537.0,0
Minnesota,Dakota,1.0,1204.0,379307.0,11.0,0.0,0.0026,537.0,0
Missouri,Oregon,1.0,25.0,10565.0,11.0,0.0,0.0026,537.0,0
Louisiana,Claiborne,1.0,21.0,16899.0,11.0,0.0,0.0026,537.0,0
Florida,Jackson,1.0,249.0,47729.0,11.0,0.01,0.0026,537.0,1
Kansas,Marion,1.0,23.0,12912.0,11.0,0.0,0.0026,537.0,0
South Carolina,Hampton,1.0,214.0,20948.0,11.0,0.01,0.0026,537.0,1
Florida,Holmes,1.0,67.0,19286.0,11.0,0.0,0.0026,537.0,0
Missouri,Dallas,1.0,54.0,16167.0,11.0,0.0,0.0026,537.0,0
Minnesota,Dodge,1.0,48.0,19049.0,11.0,0.0,0.0026,537.0,0
Missouri,Miller,1.0,104.0,24240.0,11.0,0.0,0.0026,537.0,0
Kansas,Pottawatomie,1.0,13.0,20026.0,11.0,0.0,0.0026,537.0,0
Missouri,Pulaski,1.0,83.0,46683.0,11.0,0.0,0.0026,537.0,0
Iowa,Davis,1.0,18.0,8630.0,11.0,0.0,0.0026,537.0,0
Wisconsin,Vernon,1.0,104.0,28959.0,11.0,0.0,0.0026,537.0,0
Florida,Hamilton,1.0,100.0,13916.0,11.0,0.01,0.0026,537.0,1
Minnesota,Carver,1.0,176.0,82133.0,11.0,0.0,0.0026,537.0,0
Wisconsin,Crawford,1.0,44.0,16832.0,11.0,0.0,0.0026,537.0,0
Minnesota,Olmsted,1.0,449.0,135236.0,11.0,0.0,0.0026,537.0,0
Iowa,Bremer,1.0,55.0,23922.0,11.0,0.0,0.0026,537.0,0
Missouri,Howell,1.0,146.0,38646.0,11.0,0.0,0.0026,537.0,0
Florida,Suwannee,1.0,270.0,38713.0,11.0,0.01,0.0026,537.0,1
Missouri,Texas,1.0,68.0,24698.0,11.0,0.0,0.0026,537.0,0
Iowa,Buchanan,1.0,64.0,21009.0,11.0,0.0,0.0026,537.0,0
Iowa,Benton,1.0,78.0,25657.0,11.0,0.0,0.0026,537.0,0
Iowa,Black Hawk,1.0,643.0,129092.0,11.0,0.0,0.0026,537.0,0
Iowa,Butler,1.0,35.0,15057.0,11.0,0.0,0.0026,537.0,0
Iowa,Iowa,1.0,44.0,16045.0,11.0,0.0,0.0026,537.0,0
Iowa,Clayton,1.0,29.0,18317.0,11.0,0.0,0.0026,537.0,0
Iowa,Delaware,1.0,40.0,17976.0,11.0,0.0,0.0026,537.0,0
South Carolina,Jasper,1.0,134.0,22790.0,11.0,0.01,0.0026,537.0,1
Minnesota,Wabasha,1.0,62.0,21562.0,11.0,0.0,0.0026,537.0,0
Minnesota,Mower,1.0,162.0,38797.0,11.0,0.0,0.0026,537.0,0
Florida,Jefferson,0.0,67.0,13931.0,11.0,0.0,0.0026,537.0,0
Iowa,Winneshiek,0.0,50.0,21053.0,11.0,0.0,0.0026,537.0,0
Iowa,Allamakee,0.0,26.0,14326.0,11.0,0.0,0.0026,537.0,0
Iowa,Cerro Gordo,0.0,215.0,44971.0,11.0,0.0,0.0026,537.0,0
Iowa,Hardin,0.0,71.0,18065.0,11.0,0.0,0.0026,537.0,0
Iowa,Fayette,0.0,73.0,21312.0,11.0,0.0,0.0026,537.0,0
California,Monterey,0.0,1937.0,407080.0,11.0,0.0,0.0026,537.0,0
Minnesota,Houston,0.0,7.0,19301.0,11.0,0.0,0.0026,537.0,0
Wisconsin,La Crosse,0.0,244.0,111089.0,11.0,0.0,0.0026,537.0,0
Minnesota,Fillmore,0.0,33.0,21004.0,11.0,0.0,0.0026,537.0,0
Iowa,Monroe,0.0,24.0,7988.0,11.0,0.0,0.0026,537.0,0
Iowa,Grundy,0.0,23.0,12377.0,11.0,0.0,0.0026,537.0,0
Iowa,Mitchell,0.0,23.0,10803.0,11.0,0.0,0.0026,537.0,0
Minnesota,Freeborn,0.0,128.0,31716.0,11.0,0.0,0.0026,537.0,0
Iowa,Floyd,0.0,57.0,16504.0,11.0,0.0,0.0026,537.0,0
Minnesota,Winona,0.0,161.0,50632.0,11.0,0.0,0.0026,537.0,0
Iowa,Wapello,0.0,194.0,35701.0,11.0,0.01,0.0026,537.0,1
Iowa,Tama,0.0,48.0,17870.0,11.0,0.0,0.0026,537.0,0
Minnesota,Scott,0.0,455.0,113079.0,11.0,0.0,0.0026,537.0,0
Iowa,Chickasaw,0.0,29.0,12705.0,11.0,0.0,0.0026,537.0,0
Florida,Madison,0.0,146.0,18841.0,11.0,0.01,0.0026,537.0,1
California,San Mateo,0.0,2763.0,712181.0,11.0,0.0,0.0026,537.0,0
Iowa,Story,0.0,171.0,85402.0,11.0,0.0,0.0026,537.0,0
Iowa,Keokuk,0.0,39.0,10880.0,11.0,0.0,0.0026,537.0,0
Iowa,Jefferson,0.0,66.0,16695.0,11.0,0.0,0.0026,537.0,0
Iowa,Jasper,0.0,115.0,36976.0,11.0,0.0,0.0026,537.0,0
Iowa,Marion,0.0,103.0,32703.0,11.0,0.0,0.0026,537.0,0
Iowa,Marshall,0.0,155.0,39910.0,11.0,0.0,0.0026,537.0,0
Iowa,Mahaska,0.0,66.0,22333.0,11.0,0.0,0.0026,537.0,0
Iowa,Poweshiek,0.0,72.0,18890.0,11.0,0.0,0.0026,537.0,0
Iowa,Pottawattamie,0.0,293.0,90159.0,11.0,0.0,0.0026,537.0,0
California,San Francisco,0.0,2978.0,791878.0,11.0,0.0,0.0026,537.0,0
California,Merced,40.0,1970.0,236996.0,14.0,0.01,0.0062,2714.0,1
California,Ventura,35.0,2870.0,791469.0,14.0,0.0,0.0062,2714.0,0
New Jersey,Burlington,23.0,2498.0,439413.0,14.0,0.01,0.0062,2714.0,1
Tennessee,Sevier,23.0,453.0,81329.0,14.0,0.01,0.0062,2714.0,1
North Carolina,Cabarrus,22.0,909.0,156207.0,14.0,0.01,0.0062,2714.0,1
North Carolina,Mecklenburg,22.0,4196.0,822311.0,14.0,0.01,0.0062,2714.0,1
California,Stanislaus,22.0,2797.0,487566.0,14.0,0.01,0.0062,2714.0,1
New Jersey,Camden,22.0,5439.0,510796.0,14.0,0.01,0.0062,2714.0,1
Tennessee,Blount,21.0,444.0,115101.0,14.0,0.0,0.0062,2714.0,0
North Carolina,Iredell,19.0,746.0,142173.0,14.0,0.01,0.0062,2714.0,1
Maryland,Prince George's,19.0,4964.0,842916.0,14.0,0.01,0.0062,2714.0,1
Maryland,Howard,18.0,1242.0,270350.0,14.0,0.0,0.0062,2714.0,0
Maryland,Anne Arundel,18.0,2635.0,517305.0,14.0,0.01,0.0062,2714.0,1
North Carolina,Davidson,18.0,569.0,155100.0,14.0,0.0,0.0062,2714.0,0
New Jersey,Salem,17.0,468.0,65068.0,14.0,0.01,0.0062,2714.0,1
Maryland,Baltimore,17.0,5569.0,785932.0,14.0,0.01,0.0062,2714.0,1
North Carolina,Gaston,16.0,978.0,197943.0,14.0,0.0,0.0062,2714.0,0
New Jersey,Union,16.0,3705.0,530857.0,14.0,0.01,0.0062,2714.0,1
Tennessee,Monroe,16.0,200.0,41718.0,14.0,0.0,0.0062,2714.0,0
Tennessee,Loudon,15.0,230.0,44278.0,14.0,0.01,0.0062,2714.0,1
Missouri,St. Louis,15.0,7555.0,1006855.0,14.0,0.01,0.0062,2714.0,1
North Carolina,Catawba,15.0,613.0,147923.0,14.0,0.0,0.0062,2714.0,0
Louisiana,Iberville,14.0,147.0,33156.0,14.0,0.0,0.0062,2714.0,0
Tennessee,McMinn,14.0,271.0,50652.0,14.0,0.01,0.0062,2714.0,1
Tennessee,Bradley,14.0,507.0,93861.0,14.0,0.01,0.0062,2714.0,1
Tennessee,Roane,13.0,284.0,52881.0,14.0,0.01,0.0062,2714.0,1
South Carolina,Greenville,13.0,2417.0,418402.0,14.0,0.01,0.0062,2714.0,1
Tennessee,Hamilton,13.0,2156.0,324099.0,14.0,0.01,0.0062,2714.0,1
North Carolina,Lincoln,13.0,314.0,70977.0,14.0,0.0,0.0062,2714.0,0
Tennessee,Jefferson,12.0,262.0,47923.0,14.0,0.01,0.0062,2714.0,1
Tennessee,Hawkins,12.0,282.0,54901.0,14.0,0.01,0.0062,2714.0,1
North Carolina,Cleveland,11.0,972.0,96519.0,14.0,0.01,0.0062,2714.0,1
Maryland,Frederick,11.0,810.0,217801.0,14.0,0.0,0.0062,2714.0,0
Maryland,Carroll,11.0,510.0,160404.0,14.0,0.0,0.0062,2714.0,0
North Carolina,Union,11.0,524.0,165715.0,14.0,0.0,0.0062,2714.0,0
Tennessee,Sullivan,10.0,902.0,154476.0,14.0,0.01,0.0062,2714.0,1
South Carolina,Anderson,10.0,784.0,177051.0,14.0,0.0,0.0062,2714.0,0
New York,Kings,10.0,34698.0,2489783.0,14.0,0.01,0.0062,2714.0,1
New Jersey,Hudson,9.0,4660.0,625322.0,14.0,0.01,0.0062,2714.0,1
Tennessee,Anderson,9.0,306.0,73166.0,14.0,0.0,0.0062,2714.0,0
Kentucky,Boyd,8.0,354.0,49521.0,14.0,0.01,0.0062,2714.0,1
Kentucky,Shelby,7.0,164.0,38119.0,14.0,0.0,0.0062,2714.0,0
Kentucky,Greenup,7.0,146.0,36783.0,14.0,0.0,0.0062,2714.0,0
South Carolina,York,6.0,663.0,197396.0,14.0,0.0,0.0062,2714.0,0
Kentucky,Hancock,6.0,20.0,8502.0,14.0,0.0,0.0062,2714.0,0
South Carolina,Aiken,6.0,557.0,151695.0,14.0,0.0,0.0062,2714.0,0
New York,Bronx,6.0,37399.0,1363886.0,14.0,0.03,0.0062,2714.0,1
Kentucky,Bullitt,5.0,264.0,68423.0,14.0,0.0,0.0062,2714.0,0
Kentucky,Daviess,5.0,566.0,94264.0,14.0,0.01,0.0062,2714.0,1
Kentucky,McLean,5.0,40.0,9681.0,14.0,0.0,0.0062,2714.0,0
Kentucky,Henderson,5.0,246.0,45567.0,14.0,0.01,0.0062,2714.0,1
Kentucky,Fayette,3.0,1375.0,280194.0,14.0,0.0,0.0062,2714.0,0
Louisiana,St. James,3.0,211.0,21524.0,14.0,0.01,0.0062,2714.0,1
California,Nevada,39.0,407.0,95572.0,9.0,0.0,0.0029,669.0,0
Colorado,Jefferson,14.0,1350.0,529871.0,9.0,0.0,0.0029,669.0,0
Arizona,Pinal,10.0,1325.0,273201.0,9.0,0.0,0.0029,669.0,0
Massachusetts,Dukes,10.0,157.0,15791.0,9.0,0.01,0.0029,669.0,1
Louisiana,Cameron,8.0,13.0,8405.0,9.0,0.0,0.0029,669.0,0
Colorado,Arapahoe,6.0,2321.0,536434.0,9.0,0.0,0.0029,669.0,0
Colorado,Broomfield,6.0,142.0,51554.0,9.0,0.0,0.0029,669.0,0
North Carolina,Dare,6.0,130.0,32325.0,9.0,0.0,0.0029,669.0,0
Florida,Sarasota,5.0,1309.0,359054.0,9.0,0.0,0.0029,669.0,0
Utah,Tooele,5.0,195.0,49606.0,9.0,0.0,0.0029,669.0,0
Florida,Manatee,5.0,1376.0,301121.0,9.0,0.0,0.0029,669.0,0
Colorado,Weld,5.0,952.0,222459.0,9.0,0.0,0.0029,669.0,0
Florida,Orange,5.0,8045.0,1046412.0,9.0,0.01,0.0029,669.0,1
Wisconsin,Marinette,5.0,157.0,42306.0,9.0,0.0,0.0029,669.0,0
Maine,Lincoln,5.0,153.0,34051.0,9.0,0.0,0.0029,669.0,0
New York,Lewis,4.0,116.0,26979.0,9.0,0.0,0.0029,669.0,0
Arizona,Yuma,4.0,910.0,178035.0,9.0,0.01,0.0029,669.0,1
New York,Steuben,4.0,476.0,98811.0,9.0,0.0,0.0029,669.0,0
Maine,Sagadahoc,4.0,170.0,35340.0,9.0,0.0,0.0029,669.0,0
Vermont,Windham,3.0,,44114.0,9.0,,0.0029,669.0,1
Vermont,Bennington,3.0,,36863.0,9.0,,0.0029,669.0,1
Vermont,Windsor,3.0,,56782.0,9.0,,0.0029,669.0,1
New York,Clinton,3.0,785.0,81315.0,9.0,0.01,0.0029,669.0,1
New York,Schoharie,3.0,76.0,32113.0,9.0,0.0,0.0029,669.0,0
Vermont,Addison,3.0,,36378.0,9.0,,0.0029,669.0,1
New York,Fulton,3.0,370.0,55029.0,9.0,0.01,0.0029,669.0,1
Florida,Seminole,3.0,1798.0,399160.0,9.0,0.0,0.0029,669.0,0
Florida,Pinellas,3.0,5099.0,921719.0,9.0,0.01,0.0029,669.0,1
Utah,Wasatch,3.0,35.0,20162.0,9.0,0.0,0.0029,669.0,0
New Hampshire,Belknap,3.0,343.0,58543.0,9.0,0.01,0.0029,669.0,1
New Hampshire,Cheshire,3.0,288.0,75733.0,9.0,0.0,0.0029,669.0,0
Vermont,Washington,3.0,,58752.0,9.0,,0.0029,669.0,1
Maine,Kennebec,2.0,820.0,119878.0,9.0,0.01,0.0029,669.0,1
Vermont,Orange,2.0,,28713.0,9.0,,0.0029,669.0,1
New Hampshire,Sullivan,2.0,277.0,42184.0,9.0,0.01,0.0029,669.0,1
Florida,Hardee,2.0,182.0,26873.0,9.0,0.01,0.0029,669.0,1
Florida,Citrus,2.0,490.0,130338.0,9.0,0.0,0.0029,669.0,0
Florida,Osceola,2.0,2522.0,230817.0,9.0,0.01,0.0029,669.0,1
New Hampshire,Carroll,2.0,259.0,45680.0,9.0,0.01,0.0029,669.0,1
Maine,Androscoggin,2.0,861.0,106079.0,9.0,0.01,0.0029,669.0,1
Vermont,Chittenden,2.0,,152160.0,9.0,,0.0029,669.0,1
Florida,Miami-Dade,2.0,15971.0,2403320.0,9.0,0.01,0.0029,669.0,1
Vermont,Franklin,2.0,,46777.0,9.0,,0.0029,669.0,1
Florida,Charlotte,2.0,778.0,153792.0,9.0,0.01,0.0029,669.0,1
California,Lassen,2.0,118.0,33800.0,9.0,0.0,0.0029,669.0,0
Vermont,Grand Isle,2.0,,6948.0,9.0,,0.0029,669.0,1
New Hampshire,Grafton,2.0,430.0,85639.0,9.0,0.01,0.0029,669.0,1
California,Colusa,2.0,87.0,20153.0,9.0,0.0,0.0029,669.0,0
Florida,Flagler,2.0,461.0,75763.0,9.0,0.01,0.0029,669.0,1
North Carolina,Tyrrell,2.0,18.0,4195.0,9.0,0.0,0.0029,669.0,0
Minnesota,Kanabec,1.0,107.0,15649.0,9.0,0.01,0.0029,669.0,1
Florida,DeSoto,1.0,167.0,33335.0,9.0,0.01,0.0029,669.0,1
Minnesota,Mille Lacs,1.0,181.0,24349.0,9.0,0.01,0.0029,669.0,1
California,Trinity,1.0,57.0,13347.0,9.0,0.0,0.0029,669.0,0
Florida,Gulf,1.0,58.0,15029.0,9.0,0.0,0.0029,669.0,0
Florida,Franklin,1.0,68.0,10918.0,9.0,0.01,0.0029,669.0,1
Florida,Highlands,1.0,559.0,93589.0,9.0,0.01,0.0029,669.0,1
Vermont,Orleans,1.0,,26774.0,9.0,,0.0029,669.0,1
North Carolina,Hyde,1.0,29.0,5706.0,9.0,0.01,0.0029,669.0,1
Wisconsin,Langlade,1.0,82.0,20242.0,9.0,0.0,0.0029,669.0,0
Minnesota,Pine,1.0,133.0,27965.0,9.0,0.0,0.0029,669.0,0
Wisconsin,Menominee,1.0,42.0,4424.0,9.0,0.01,0.0029,669.0,1
Florida,Volusia,1.0,3781.0,474802.0,9.0,0.01,0.0029,669.0,1
Wisconsin,Burnett,1.0,50.0,15553.0,9.0,0.0,0.0029,669.0,0
Florida,Dixie,1.0,48.0,15095.0,9.0,0.0,0.0029,669.0,0
Florida,Lee,1.0,2982.0,548534.0,9.0,0.01,0.0029,669.0,1
Minnesota,Crow Wing,1.0,272.0,58995.0,9.0,0.0,0.0029,669.0,0
Minnesota,Morrison,1.0,103.0,32442.0,9.0,0.0,0.0029,669.0,0
Wisconsin,Lincoln,1.0,116.0,29056.0,9.0,0.0,0.0029,669.0,0
Florida,Hendry,1.0,290.0,37176.0,9.0,0.01,0.0029,669.0,1
Maine,Somerset,1.0,449.0,51463.0,9.0,0.01,0.0029,669.0,1
Maine,Oxford,1.0,349.0,56416.0,9.0,0.01,0.0029,669.0,1
Wisconsin,Barron,1.0,150.0,45371.0,9.0,0.0,0.0029,669.0,0
Wisconsin,Taylor,0.0,44.0,20150.0,9.0,0.0,0.0029,669.0,0
Kansas,Barber,0.0,11.0,5061.0,9.0,0.0,0.0029,669.0,0
Kansas,Pawnee,0.0,28.0,7025.0,9.0,0.0,0.0029,669.0,0
Kansas,Barton,0.0,70.0,27797.0,9.0,0.0,0.0029,669.0,0
Maine,Franklin,0.0,141.0,30116.0,9.0,0.0,0.0029,669.0,0
Florida,Collier,0.0,1027.0,294052.0,9.0,0.0,0.0029,669.0,0
Kansas,Pratt,0.0,28.0,9678.0,9.0,0.0,0.0029,669.0,0
Wisconsin,Rusk,0.0,55.0,14942.0,9.0,0.0,0.0029,669.0,0
Kansas,Stafford,0.0,8.0,4559.0,9.0,0.0,0.0029,669.0,0
Minnesota,St. Louis,0.0,784.0,199879.0,9.0,0.0,0.0029,669.0,0
Kansas,Rice,0.0,8.0,10363.0,9.0,0.0,0.0029,669.0,0
Kansas,Lincoln,0.0,10.0,3385.0,9.0,0.0,0.0029,669.0,0
Wisconsin,Douglas,0.0,210.0,43609.0,9.0,0.0,0.0029,669.0,0
Kansas,Ellsworth,0.0,14.0,6456.0,9.0,0.0,0.0029,669.0,0
California,Sonoma,0.0,2033.0,470014.0,9.0,0.0,0.0029,669.0,0
Minnesota,Carlton,0.0,160.0,33704.0,9.0,0.0,0.0029,669.0,0
California,Humboldt,0.0,849.0,131066.0,9.0,0.01,0.0029,669.0,1
Minnesota,Lincoln,0.0,11.0,6123.0,9.0,0.0,0.0029,669.0,0
Minnesota,Lac qui Parle,0.0,15.0,7591.0,9.0,0.0,0.0029,669.0,0
Minnesota,Grant,0.0,13.0,6133.0,9.0,0.0,0.0029,669.0,0
Kansas,Jewell,0.0,9.0,3383.0,9.0,0.0,0.0029,669.0,0
Minnesota,Lyon,0.0,59.0,25467.0,9.0,0.0,0.0029,669.0,0
Minnesota,Swift,0.0,25.0,10522.0,9.0,0.0,0.0029,669.0,0
Minnesota,Stevens,0.0,9.0,9897.0,9.0,0.0,0.0029,669.0,0
Minnesota,Pope,0.0,26.0,11085.0,9.0,0.0,0.0029,669.0,0
Minnesota,Polk,0.0,107.0,31434.0,9.0,0.0,0.0029,669.0,0
Minnesota,Pipestone,0.0,15.0,9663.0,9.0,0.0,0.0029,669.0,0
Minnesota,Otter Tail,0.0,149.0,57041.0,9.0,0.0,0.0029,669.0,0
Minnesota,Murray,0.0,20.0,8895.0,9.0,0.0,0.0029,669.0,0
Minnesota,Traverse,0.0,11.0,3799.0,9.0,0.0,0.0029,669.0,0
Minnesota,Big Stone,0.0,10.0,5468.0,9.0,0.0,0.0029,669.0,0
Minnesota,Becker,0.0,88.0,31521.0,9.0,0.0,0.0029,669.0,0
Kansas,Smith,0.0,8.0,4135.0,9.0,0.0,0.0029,669.0,0
Minnesota,Douglas,0.0,80.0,34643.0,9.0,0.0,0.0029,669.0,0
Kansas,Mitchell,0.0,10.0,6574.0,9.0,0.0,0.0029,669.0,0
Minnesota,Clay,0.0,169.0,55385.0,9.0,0.0,0.0029,669.0,0
Minnesota,Chippewa,0.0,38.0,12586.0,9.0,0.0,0.0029,669.0,0
Minnesota,Todd,0.0,33.0,24532.0,9.0,0.0,0.0029,669.0,0
Minnesota,Wilkin,0.0,21.0,6815.0,9.0,0.0,0.0029,669.0,0
California,Sacramento,39.0,8543.0,1342198.0,13.0,0.01,0.0053,804.0,1
Maryland,Queen Anne's,26.0,170.0,44533.0,13.0,0.0,0.0053,804.0,0
Maryland,Harford,25.0,1141.0,234076.0,13.0,0.0,0.0053,804.0,0
North Carolina,Rowan,24.0,829.0,133660.0,13.0,0.01,0.0053,804.0,1
Missouri,St. Charles,19.0,1299.0,326819.0,13.0,0.0,0.0053,804.0,0
Maryland,Cecil,16.0,444.0,94353.0,13.0,0.0,0.0053,804.0,0
North Carolina,Stanly,16.0,299.0,59102.0,13.0,0.01,0.0053,804.0,1
New Jersey,Gloucester,16.0,1467.0,273355.0,13.0,0.01,0.0053,804.0,1
North Carolina,Wake,15.0,4034.0,779130.0,13.0,0.01,0.0053,804.0,1
Connecticut,New Haven,15.0,3233.0,844503.0,13.0,0.0,0.0053,804.0,0
Tennessee,Shelby,14.0,8742.0,913460.0,13.0,0.01,0.0053,804.0,1
Tennessee,Sumner,14.0,742.0,147335.0,13.0,0.01,0.0053,804.0,1
North Carolina,Forsyth,14.0,1852.0,330601.0,13.0,0.01,0.0053,804.0,1
Maryland,Caroline,14.0,187.0,31377.0,13.0,0.01,0.0053,804.0,1
New York,Richmond,14.0,3860.0,455125.0,13.0,0.01,0.0053,804.0,1
South Carolina,Spartanburg,13.0,1444.0,269720.0,13.0,0.01,0.0053,804.0,1
South Carolina,Richland,13.0,2219.0,355582.0,13.0,0.01,0.0053,804.0,1
Tennessee,Hamblen,13.0,358.0,60196.0,13.0,0.01,0.0053,804.0,1
Maryland,Kent,13.0,92.0,19610.0,13.0,0.0,0.0053,804.0,0
North Carolina,Davie,12.0,81.0,38054.0,13.0,0.0,0.0053,804.0,0
New Jersey,Bergen,12.0,3720.0,897234.0,13.0,0.0,0.0053,804.0,0
Missouri,Jefferson,12.0,874.0,209074.0,13.0,0.0,0.0053,804.0,0
Tennessee,Greene,12.0,386.0,65700.0,13.0,0.01,0.0053,804.0,1
Tennessee,Grainger,12.0,103.0,21607.0,13.0,0.0,0.0053,804.0,0
Tennessee,Cocke,12.0,278.0,34431.0,13.0,0.01,0.0053,804.0,1
New Jersey,Essex,12.0,11313.0,788317.0,13.0,0.01,0.0053,804.0,1
North Carolina,Guilford,12.0,3067.0,457058.0,13.0,0.01,0.0053,804.0,1
South Carolina,Lancaster,12.0,301.0,69479.0,13.0,0.0,0.0053,804.0,0
Utah,Salt Lake,11.0,3054.0,971177.0,13.0,0.0,0.0053,804.0,0
Maryland,Montgomery,11.0,3351.0,930766.0,13.0,0.0,0.0053,804.0,0
North Carolina,Alamance,11.0,735.0,141111.0,13.0,0.01,0.0053,804.0,1
North Carolina,Cumberland,11.0,2786.0,312754.0,13.0,0.01,0.0053,804.0,1
Tennessee,Meigs,11.0,84.0,11248.0,13.0,0.01,0.0053,804.0,1
North Carolina,Randolph,11.0,222.0,135596.0,13.0,0.0,0.0053,804.0,0
Tennessee,Washington,11.0,577.0,115154.0,13.0,0.01,0.0053,804.0,1
California,San Joaquin,10.0,4209.0,637436.0,13.0,0.01,0.0053,804.0,1
Tennessee,Union,10.0,97.0,18448.0,13.0,0.01,0.0053,804.0,1
Kentucky,Meade,10.0,53.0,28330.0,13.0,0.0,0.0053,804.0,0
Tennessee,Rhea,10.0,190.0,30161.0,13.0,0.01,0.0053,804.0,1
North Carolina,Harnett,10.0,499.0,104228.0,13.0,0.0,0.0053,804.0,0
Tennessee,Marion,10.0,133.0,27866.0,13.0,0.0,0.0053,804.0,0
Tennessee,Polk,9.0,102.0,16319.0,13.0,0.01,0.0053,804.0,1
Kentucky,Trimble,9.0,28.0,8514.0,13.0,0.0,0.0053,804.0,0
North Carolina,Anson,9.0,230.0,26017.0,13.0,0.01,0.0053,804.0,1
North Carolina,Rockingham,9.0,428.0,92380.0,13.0,0.0,0.0053,804.0,0
Kentucky,Henry,9.0,74.0,15229.0,13.0,0.0,0.0053,804.0,0
South Carolina,Laurens,9.0,455.0,67339.0,13.0,0.01,0.0053,804.0,1
North Carolina,Alexander,9.0,128.0,35318.0,13.0,0.0,0.0053,804.0,0
South Carolina,Pickens,9.0,607.0,114675.0,13.0,0.01,0.0053,804.0,1
New Jersey,Passaic,9.0,5041.0,496110.0,13.0,0.01,0.0053,804.0,1
Wisconsin,Milwaukee,9.0,9521.0,943858.0,13.0,0.01,0.0053,804.0,1
South Carolina,Kershaw,9.0,344.0,57095.0,13.0,0.01,0.0053,804.0,1
Kentucky,Christian,8.0,491.0,72988.0,13.0,0.01,0.0053,804.0,1
North Carolina,Yadkin,8.0,74.0,37207.0,13.0,0.0,0.0053,804.0,0
Maryland,Washington,8.0,763.0,140812.0,13.0,0.01,0.0053,804.0,1
South Carolina,Chester,8.0,229.0,33287.0,13.0,0.01,0.0053,804.0,1
Tennessee,Robertson,8.0,393.0,60367.0,13.0,0.01,0.0053,804.0,1
North Carolina,Durham,8.0,1428.0,249920.0,13.0,0.01,0.0053,804.0,1
Tennessee,Morgan,8.0,114.0,20849.0,13.0,0.01,0.0053,804.0,1
Louisiana,Assumption,8.0,118.0,23231.0,13.0,0.01,0.0053,804.0,1
South Carolina,Lexington,8.0,1092.0,240402.0,13.0,0.0,0.0053,804.0,0
North Carolina,Burke,8.0,517.0,89107.0,13.0,0.01,0.0053,804.0,1
North Carolina,Rutherford,8.0,500.0,64991.0,13.0,0.01,0.0053,804.0,1
Tennessee,Wilson,8.0,330.0,102912.0,13.0,0.0,0.0053,804.0,0
South Carolina,Fairfield,7.0,250.0,23559.0,13.0,0.01,0.0053,804.0,1
North Carolina,Wayne,7.0,547.0,118289.0,13.0,0.0,0.0053,804.0,0
Kentucky,Carroll,7.0,83.0,10445.0,13.0,0.01,0.0053,804.0,1
North Carolina,Moore,7.0,424.0,82050.0,13.0,0.01,0.0053,804.0,1
North Carolina,Stokes,7.0,134.0,45693.0,13.0,0.0,0.0053,804.0,0
Kentucky,Breckinridge,7.0,78.0,19299.0,13.0,0.0,0.0053,804.0,0
Wisconsin,Racine,7.0,1125.0,191980.0,13.0,0.01,0.0053,804.0,1
Kentucky,Muhlenberg,7.0,153.0,31598.0,13.0,0.0,0.0053,804.0,0
North Carolina,Robeson,7.0,1292.0,128250.0,13.0,0.01,0.0053,804.0,1
Tennessee,Campbell,7.0,280.0,39970.0,13.0,0.01,0.0053,804.0,1
Tennessee,Claiborne,7.0,166.0,30853.0,13.0,0.01,0.0053,804.0,1
North Carolina,Johnston,7.0,398.0,146825.0,13.0,0.0,0.0053,804.0,0
North Carolina,Sampson,7.0,199.0,61377.0,13.0,0.0,0.0053,804.0,0
South Carolina,Abbeville,7.0,180.0,25610.0,13.0,0.01,0.0053,804.0,1
Tennessee,Williamson,7.0,377.0,158298.0,13.0,0.0,0.0053,804.0,0
North Carolina,Polk,7.0,26.0,19378.0,13.0,0.0,0.0053,804.0,0
Kentucky,Todd,7.0,37.0,12127.0,13.0,0.0,0.0053,804.0,0
Kentucky,Hopkins,7.0,203.0,46630.0,13.0,0.0,0.0053,804.0,0
Tennessee,Montgomery,6.0,691.0,155070.0,13.0,0.0,0.0053,804.0,0
South Carolina,Newberry,6.0,253.0,36682.0,13.0,0.01,0.0053,804.0,1
South Carolina,Cherokee,6.0,260.0,53836.0,13.0,0.0,0.0053,804.0,0
Kentucky,Logan,6.0,163.0,26663.0,13.0,0.01,0.0053,804.0,1
Massachusetts,Suffolk,6.0,7718.0,710806.0,13.0,0.01,0.0053,804.0,1
South Carolina,Greenwood,6.0,415.0,67855.0,13.0,0.01,0.0053,804.0,1
South Carolina,Darlington,6.0,504.0,67832.0,13.0,0.01,0.0053,804.0,1
Kentucky,Ohio,6.0,158.0,23421.0,13.0,0.01,0.0053,804.0,1
North Carolina,Wilkes,6.0,276.0,67366.0,13.0,0.0,0.0053,804.0,0
Kentucky,Allen,6.0,71.0,18924.0,13.0,0.0,0.0053,804.0,0
Missouri,Scott,6.0,229.0,39647.0,13.0,0.01,0.0053,804.0,1
South Carolina,Union,6.0,207.0,29211.0,13.0,0.01,0.0053,804.0,1
Kentucky,Gallatin,6.0,40.0,8126.0,13.0,0.0,0.0053,804.0,0
Kentucky,Webster,6.0,50.0,13774.0,13.0,0.0,0.0053,804.0,0
Kentucky,Spencer,6.0,57.0,14581.0,13.0,0.0,0.0053,804.0,0
Kentucky,Bracken,6.0,38.0,8394.0,13.0,0.0,0.0053,804.0,0
Missouri,New Madrid,5.0,100.0,19193.0,13.0,0.01,0.0053,804.0,1
North Carolina,Surry,5.0,85.0,72019.0,13.0,0.0,0.0053,804.0,0
Kentucky,Grant,5.0,135.0,23501.0,13.0,0.01,0.0053,804.0,1
Kentucky,Simpson,5.0,89.0,16937.0,13.0,0.01,0.0053,804.0,1
Kentucky,Pendleton,5.0,48.0,14550.0,13.0,0.0,0.0053,804.0,0
Missouri,Mississippi,5.0,74.0,13883.0,13.0,0.01,0.0053,804.0,1
Kentucky,Ballard,5.0,22.0,8227.0,13.0,0.0,0.0053,804.0,0
Kentucky,Grayson,5.0,191.0,24926.0,13.0,0.01,0.0053,804.0,1
Missouri,Pemiscot,5.0,172.0,19134.0,13.0,0.01,0.0053,804.0,1
Missouri,Cape Girardeau,5.0,229.0,72460.0,13.0,0.0,0.0053,804.0,0
North Carolina,Caldwell,5.0,404.0,79874.0,13.0,0.01,0.0053,804.0,1
Louisiana,St. John the Baptist,5.0,430.0,44457.0,13.0,0.01,0.0053,804.0,1
Kentucky,Butler,5.0,30.0,12786.0,13.0,0.0,0.0053,804.0,0
Kentucky,Hardin,5.0,492.0,98874.0,13.0,0.0,0.0053,804.0,0
Missouri,Dunklin,5.0,187.0,32440.0,13.0,0.01,0.0053,804.0,1
Kentucky,Nelson,5.0,143.0,40588.0,13.0,0.0,0.0053,804.0,0
Maryland,Allegany,5.0,480.0,74406.0,13.0,0.01,0.0053,804.0,1
Kentucky,Union,5.0,112.0,15353.0,13.0,0.01,0.0053,804.0,1
Tennessee,Bedford,5.0,225.0,41556.0,13.0,0.01,0.0053,804.0,1
South Carolina,Sumter,5.0,953.0,106240.0,13.0,0.01,0.0053,804.0,1
Tennessee,Rutherford,5.0,932.0,227030.0,13.0,0.0,0.0053,804.0,0
Tennessee,Lincoln,5.0,184.0,32152.0,13.0,0.01,0.0053,804.0,1
Kentucky,Owen,5.0,35.0,10675.0,13.0,0.0,0.0053,804.0,0
Missouri,Stoddard,5.0,92.0,29905.0,13.0,0.0,0.0053,804.0,0
Kentucky,Carlisle,5.0,21.0,5176.0,13.0,0.0,0.0053,804.0,0
Kentucky,Jessamine,5.0,242.0,44131.0,13.0,0.01,0.0053,804.0,1
Tennessee,Davidson,4.0,4131.0,604310.0,13.0,0.01,0.0053,804.0,1
Kentucky,Lewis,4.0,28.0,13848.0,13.0,0.0,0.0053,804.0,0
Kentucky,Hart,4.0,47.0,17811.0,13.0,0.0,0.0053,804.0,0
Kentucky,Mason,4.0,87.0,17092.0,13.0,0.01,0.0053,804.0,1
Kentucky,Barren,4.0,149.0,40277.0,13.0,0.0,0.0053,804.0,0
Kansas,Wyandotte,4.0,1159.0,157600.0,13.0,0.01,0.0053,804.0,1
Kentucky,Warren,4.0,406.0,104407.0,13.0,0.0,0.0053,804.0,0
Kentucky,Edmonson,4.0,29.0,11839.0,13.0,0.0,0.0053,804.0,0
Kentucky,Fulton,4.0,48.0,7149.0,13.0,0.01,0.0053,804.0,1
South Carolina,McCormick,4.0,53.0,9991.0,13.0,0.01,0.0053,804.0,1
South Carolina,Saluda,4.0,62.0,19352.0,13.0,0.0,0.0053,804.0,0
Kentucky,Lawrence,4.0,86.0,15690.0,13.0,0.01,0.0053,804.0,1
Kentucky,Anderson,4.0,88.0,20213.0,13.0,0.0,0.0053,804.0,0
Kentucky,Marshall,4.0,84.0,30731.0,13.0,0.0,0.0053,804.0,0
Kentucky,Franklin,4.0,288.0,48506.0,13.0,0.01,0.0053,804.0,1
Kentucky,Graves,4.0,195.0,36935.0,13.0,0.01,0.0053,804.0,1
Kentucky,Woodford,4.0,103.0,24062.0,13.0,0.0,0.0053,804.0,0
South Carolina,Calhoun,4.0,113.0,15010.0,13.0,0.01,0.0053,804.0,1
Kentucky,McCracken,4.0,360.0,65165.0,13.0,0.01,0.0053,804.0,1
Kentucky,Mercer,4.0,128.0,21039.0,13.0,0.01,0.0053,804.0,1
South Carolina,Orangeburg,4.0,994.0,91421.0,13.0,0.01,0.0053,804.0,1
Kentucky,Garrard,3.0,64.0,15925.0,13.0,0.0,0.0053,804.0,0
Kentucky,Larue,3.0,62.0,13729.0,13.0,0.0,0.0053,804.0,0
Wisconsin,Waukesha,3.0,912.0,376415.0,13.0,0.0,0.0053,804.0,0
Kentucky,Washington,3.0,33.0,11356.0,13.0,0.0,0.0053,804.0,0
South Carolina,Edgefield,3.0,141.0,25563.0,13.0,0.01,0.0053,804.0,1
Kentucky,Fleming,3.0,64.0,14122.0,13.0,0.0,0.0053,804.0,0
Kentucky,Boyle,3.0,147.0,28161.0,13.0,0.01,0.0053,804.0,1
Kentucky,Robertson,3.0,7.0,2250.0,13.0,0.0,0.0053,804.0,0
Kentucky,Green,3.0,40.0,11319.0,13.0,0.0,0.0053,804.0,0
Kentucky,Harrison,3.0,71.0,18278.0,13.0,0.0,0.0053,804.0,0
Kentucky,Metcalfe,3.0,46.0,10010.0,13.0,0.0,0.0053,804.0,0
Kentucky,Marion,3.0,85.0,18967.0,13.0,0.0,0.0053,804.0,0
Kentucky,Taylor,3.0,122.0,23943.0,13.0,0.01,0.0053,804.0,1
Kentucky,Madison,3.0,353.0,77874.0,13.0,0.0,0.0053,804.0,0
Kentucky,Pulaski,2.0,265.0,59889.0,13.0,0.0,0.0053,804.0,0
Kentucky,Lincoln,2.0,125.0,24037.0,13.0,0.01,0.0053,804.0,1
Iowa,Clinton,2.0,235.0,49420.0,13.0,0.0,0.0053,804.0,0
Kentucky,Clark,2.0,164.0,34263.0,13.0,0.0,0.0053,804.0,0
Iowa,Scott,2.0,1163.0,161909.0,13.0,0.01,0.0053,804.0,1
Kentucky,Bourbon,2.0,138.0,19704.0,13.0,0.01,0.0053,804.0,1
Kentucky,Nicholas,2.0,41.0,7014.0,13.0,0.01,0.0053,804.0,1
Kentucky,Montgomery,2.0,114.0,24604.0,13.0,0.0,0.0053,804.0,0
Kentucky,Bath,2.0,48.0,11410.0,13.0,0.0,0.0053,804.0,0
Kentucky,Scott,2.0,178.0,40646.0,13.0,0.0,0.0053,804.0,0
Iowa,Muscatine,1.0,139.0,42157.0,13.0,0.0,0.0053,804.0,0
California,Placer,36.0,1009.0,305763.0,12.0,0.0,0.005,740.0,0
California,Mariposa,33.0,70.0,17658.0,12.0,0.0,0.005,740.0,0
Maryland,Talbot,25.0,210.0,35913.0,12.0,0.01,0.005,740.0,1
Connecticut,Fairfield,20.0,1943.0,902497.0,12.0,0.0,0.005,740.0,0
New Jersey,Somerset,20.0,1302.0,310964.0,12.0,0.0,0.005,740.0,0
Maryland,Dorchester,19.0,321.0,31598.0,12.0,0.01,0.005,740.0,1
Maryland,St. Mary's,19.0,574.0,96974.0,12.0,0.01,0.005,740.0,1
New Jersey,Middlesex,18.0,4356.0,784335.0,12.0,0.01,0.005,740.0,1
New York,Nassau,17.0,6157.0,1336843.0,12.0,0.0,0.005,740.0,0
New Jersey,Mercer,16.0,3193.0,359798.0,12.0,0.01,0.005,740.0,1
New Jersey,Hunterdon,16.0,291.0,125143.0,12.0,0.0,0.005,740.0,0
Louisiana,East Baton Rouge,16.0,2640.0,425737.0,12.0,0.01,0.005,740.0,1
New Jersey,Morris,15.0,1738.0,482417.0,12.0,0.0,0.005,740.0,0
New Jersey,Warren,14.0,525.0,106019.0,12.0,0.0,0.005,740.0,0
Maryland,Calvert,14.0,408.0,82774.0,12.0,0.0,0.005,740.0,0
New Jersey,Monmouth,14.0,3794.0,621474.0,12.0,0.01,0.005,740.0,1
California,San Luis Obispo,13.0,877.0,259181.0,12.0,0.0,0.005,740.0,0
Connecticut,Middlesex,13.0,298.0,160505.0,12.0,0.0,0.005,740.0,0
Missouri,Clay,12.0,933.0,204403.0,12.0,0.0,0.005,740.0,0
New York,Rockland,12.0,1148.0,300986.0,12.0,0.0,0.005,740.0,0
Maryland,Charles,12.0,801.0,136130.0,12.0,0.01,0.005,740.0,1
North Carolina,Granville,11.0,208.0,53491.0,12.0,0.0,0.005,740.0,0
Wisconsin,Kenosha,11.0,970.0,158553.0,12.0,0.01,0.005,740.0,1
New Jersey,Cumberland,11.0,1667.0,151665.0,12.0,0.01,0.005,740.0,1
New York,Westchester,11.0,6433.0,938501.0,12.0,0.01,0.005,740.0,1
Tennessee,Tipton,11.0,352.0,56020.0,12.0,0.01,0.005,740.0,1
Maryland,Worcester,11.0,289.0,49161.0,12.0,0.01,0.005,740.0,1
Massachusetts,Norfolk,11.0,3040.0,661956.0,12.0,0.0,0.005,740.0,0
North Carolina,Orange,11.0,329.0,125441.0,12.0,0.0,0.005,740.0,0
Maryland,Wicomico,10.0,840.0,92475.0,12.0,0.01,0.005,740.0,1
Missouri,Franklin,10.0,389.0,97716.0,12.0,0.0,0.005,740.0,0
Missouri,Lincoln,10.0,244.0,46376.0,12.0,0.01,0.005,740.0,1
New York,Erie,10.0,5462.0,935656.0,12.0,0.01,0.005,740.0,1
Massachusetts,Hampden,10.0,5332.0,461153.0,12.0,0.01,0.005,740.0,1
Louisiana,St. Martin,10.0,201.0,50502.0,12.0,0.0,0.005,740.0,0
North Carolina,Nash,9.0,335.0,91242.0,12.0,0.0,0.005,740.0,0
North Carolina,Montgomery,9.0,209.0,27050.0,12.0,0.01,0.005,740.0,1
Wisconsin,Ozaukee,9.0,167.0,84669.0,12.0,0.0,0.005,740.0,0
Missouri,Jackson,9.0,6114.0,664892.0,12.0,0.01,0.005,740.0,1
New Jersey,Atlantic,9.0,2478.0,264792.0,12.0,0.01,0.005,740.0,1
New York,Niagara,9.0,1151.0,217467.0,12.0,0.01,0.005,740.0,1
Florida,Escambia,8.0,2189.0,298074.0,12.0,0.01,0.005,740.0,1
North Carolina,Caswell,8.0,75.0,23399.0,12.0,0.0,0.005,740.0,0
North Carolina,Franklin,8.0,287.0,54413.0,12.0,0.01,0.005,740.0,1
North Carolina,Halifax,8.0,582.0,55627.0,12.0,0.01,0.005,740.0,1
North Carolina,Person,8.0,232.0,37477.0,12.0,0.01,0.005,740.0,1
Tennessee,Fayette,8.0,191.0,33950.0,12.0,0.01,0.005,740.0,1
North Carolina,Wilson,8.0,870.0,77126.0,12.0,0.01,0.005,740.0,1
North Carolina,Vance,8.0,103.0,43961.0,12.0,0.0,0.005,740.0,0
Tennessee,Cumberland,8.0,251.0,51717.0,12.0,0.0,0.005,740.0,0
North Carolina,Lee,8.0,540.0,53252.0,12.0,0.01,0.005,740.0,1
Missouri,Warren,8.0,132.0,28808.0,12.0,0.0,0.005,740.0,0
Louisiana,Calcasieu,8.0,1069.0,187947.0,12.0,0.01,0.005,740.0,1
Tennessee,Sequatchie,8.0,55.0,12797.0,12.0,0.0,0.005,740.0,0
Tennessee,Carter,7.0,226.0,56903.0,12.0,0.0,0.005,740.0,0
Tennessee,Bledsoe,7.0,65.0,12753.0,12.0,0.01,0.005,740.0,1
North Carolina,Edgecombe,7.0,352.0,55956.0,12.0,0.01,0.005,740.0,1
Missouri,Platte,7.0,284.0,82725.0,12.0,0.0,0.005,740.0,0
Louisiana,Pointe Coupee,7.0,41.0,22644.0,12.0,0.0,0.005,740.0,0
North Carolina,Hoke,7.0,288.0,40966.0,12.0,0.01,0.005,740.0,1
Tennessee,Cheatham,7.0,194.0,37402.0,12.0,0.01,0.005,740.0,1
Florida,Santa Rosa,7.0,612.0,138328.0,12.0,0.0,0.005,740.0,0
New York,Queens,7.0,18259.0,2221931.0,12.0,0.01,0.005,740.0,1
Louisiana,West Baton Rouge,7.0,100.0,22834.0,12.0,0.0,0.005,740.0,0
Massachusetts,Middlesex,6.0,7113.0,1487699.0,12.0,0.0,0.005,740.0,0
North Carolina,Madison,6.0,113.0,20173.0,12.0,0.01,0.005,740.0,1
Tennessee,Grundy,6.0,53.0,13923.0,12.0,0.0,0.005,740.0,0
Missouri,Perry,6.0,100.0,18594.0,12.0,0.01,0.005,740.0,1
Missouri,Ste. Genevieve,6.0,43.0,17938.0,12.0,0.0,0.005,740.0,0
Missouri,St. Francois,6.0,325.0,60945.0,12.0,0.01,0.005,740.0,1
Missouri,Pike,6.0,81.0,18361.0,12.0,0.0,0.005,740.0,0
South Carolina,Marlboro,6.0,225.0,28667.0,12.0,0.01,0.005,740.0,1
North Carolina,Henderson,6.0,295.0,98335.0,12.0,0.0,0.005,740.0,0
Tennessee,Dickson,6.0,246.0,46474.0,12.0,0.01,0.005,740.0,1
Louisiana,Caddo,6.0,2987.0,252169.0,12.0,0.01,0.005,740.0,1
Tennessee,Hancock,6.0,34.0,6747.0,12.0,0.01,0.005,740.0,1
Tennessee,Franklin,6.0,155.0,40198.0,12.0,0.0,0.005,740.0,0
Kentucky,Livingston,6.0,43.0,9554.0,12.0,0.0,0.005,740.0,0
North Carolina,Pitt,6.0,716.0,151817.0,12.0,0.0,0.005,740.0,0
Tennessee,Lauderdale,6.0,258.0,27288.0,12.0,0.01,0.005,740.0,1
North Carolina,Scotland,6.0,186.0,35945.0,12.0,0.01,0.005,740.0,1
Tennessee,Macon,6.0,85.0,21267.0,12.0,0.0,0.005,740.0,0
North Carolina,Richmond,6.0,479.0,46347.0,12.0,0.01,0.005,740.0,1
Tennessee,Trousdale,6.0,50.0,7488.0,12.0,0.01,0.005,740.0,1
Louisiana,Livingston,6.0,581.0,111537.0,12.0,0.01,0.005,740.0,1
North Carolina,Greene,6.0,74.0,20133.0,12.0,0.0,0.005,740.0,0
California,Santa Clara,6.0,5546.0,1732946.0,12.0,0.0,0.005,740.0,0
Louisiana,Lafourche,6.0,468.0,93462.0,12.0,0.01,0.005,740.0,1
Tennessee,Benton,6.0,85.0,16426.0,12.0,0.01,0.005,740.0,1
North Carolina,Cherokee,6.0,101.0,25776.0,12.0,0.0,0.005,740.0,0
North Carolina,Northampton,6.0,167.0,21807.0,12.0,0.01,0.005,740.0,1
Maryland,Garrett,6.0,126.0,29944.0,12.0,0.0,0.005,740.0,0
Tennessee,Coffee,5.0,344.0,50561.0,12.0,0.01,0.005,740.0,1
South Carolina,Oconee,5.0,339.0,70370.0,12.0,0.0,0.005,740.0,0
California,Alameda,5.0,9797.0,1480261.0,12.0,0.01,0.005,740.0,1
Tennessee,Humphreys,5.0,83.0,18059.0,12.0,0.0,0.005,740.0,0
Tennessee,Haywood,5.0,173.0,19165.0,12.0,0.01,0.005,740.0,1
Kansas,Leavenworth,5.0,336.0,72981.0,12.0,0.0,0.005,740.0,0
Tennessee,Obion,5.0,160.0,31892.0,12.0,0.01,0.005,740.0,1
North Carolina,McDowell,5.0,248.0,43476.0,12.0,0.01,0.005,740.0,1
Tennessee,Putnam,5.0,404.0,67608.0,12.0,0.01,0.005,740.0,1
Tennessee,Marshall,5.0,242.0,28669.0,12.0,0.01,0.005,740.0,1
Tennessee,Maury,5.0,394.0,75704.0,12.0,0.01,0.005,740.0,1
Tennessee,Van Buren,5.0,24.0,5506.0,12.0,0.0,0.005,740.0,0
Wisconsin,Walworth,5.0,333.0,97907.0,12.0,0.0,0.005,740.0,0
North Carolina,Chatham,5.0,112.0,57352.0,12.0,0.0,0.005,740.0,0
Kentucky,Crittenden,5.0,47.0,9258.0,12.0,0.01,0.005,740.0,1
South Carolina,Chesterfield,5.0,199.0,44542.0,12.0,0.0,0.005,740.0,0
Tennessee,Smith,5.0,90.0,18306.0,12.0,0.0,0.005,740.0,0
Tennessee,Carroll,5.0,161.0,28840.0,12.0,0.01,0.005,740.0,1
South Carolina,Lee,5.0,161.0,19571.0,12.0,0.01,0.005,740.0,1
Tennessee,Crockett,5.0,72.0,14466.0,12.0,0.0,0.005,740.0,0
Tennessee,Houston,5.0,58.0,8157.0,12.0,0.01,0.005,740.0,1
Tennessee,Cannon,5.0,70.0,13192.0,12.0,0.01,0.005,740.0,1
Tennessee,Warren,5.0,225.0,38900.0,12.0,0.01,0.005,740.0,1
Tennessee,Gibson,5.0,368.0,48623.0,12.0,0.01,0.005,740.0,1
Tennessee,White,5.0,184.0,24531.0,12.0,0.01,0.005,740.0,1
South Carolina,Florence,5.0,1203.0,131648.0,12.0,0.01,0.005,740.0,1
Tennessee,Hickman,5.0,130.0,23334.0,12.0,0.01,0.005,740.0,1
Kentucky,Caldwell,5.0,62.0,12948.0,12.0,0.0,0.005,740.0,0
Tennessee,Stewart,5.0,40.0,12711.0,12.0,0.0,0.005,740.0,0
South Carolina,Dillon,5.0,379.0,31173.0,12.0,0.01,0.005,740.0,1
Tennessee,Giles,5.0,147.0,29251.0,12.0,0.01,0.005,740.0,1
Kansas,Johnson,5.0,1569.0,503718.0,12.0,0.0,0.005,740.0,0
Tennessee,Madison,4.0,736.0,94770.0,12.0,0.01,0.005,740.0,1
Tennessee,Weakley,4.0,150.0,34400.0,12.0,0.0,0.005,740.0,0
Kentucky,Harlan,4.0,262.0,30858.0,12.0,0.01,0.005,740.0,1
Tennessee,Lake,4.0,41.0,7888.0,12.0,0.01,0.005,740.0,1
Tennessee,Dyer,4.0,226.0,37608.0,12.0,0.01,0.005,740.0,1
Tennessee,Scott,4.0,170.0,21614.0,12.0,0.01,0.005,740.0,1
North Carolina,Bladen,4.0,250.0,33574.0,12.0,0.01,0.005,740.0,1
Tennessee,Moore,4.0,10.0,6023.0,12.0,0.0,0.005,740.0,0
Tennessee,Overton,4.0,87.0,20993.0,12.0,0.0,0.005,740.0,0
Kentucky,Bell,4.0,300.0,29137.0,12.0,0.01,0.005,740.0,1
Tennessee,DeKalb,4.0,102.0,18093.0,12.0,0.01,0.005,740.0,1
North Carolina,Duplin,4.0,154.0,53859.0,12.0,0.0,0.005,740.0,0
Wisconsin,Rock,4.0,852.0,156529.0,12.0,0.01,0.005,740.0,1
North Carolina,Lenoir,4.0,252.0,59279.0,12.0,0.0,0.005,740.0,0
Tennessee,Fentress,4.0,102.0,17216.0,12.0,0.01,0.005,740.0,1
Tennessee,Jackson,4.0,52.0,11242.0,12.0,0.0,0.005,740.0,0
Louisiana,St. Charles,4.0,272.0,50529.0,12.0,0.01,0.005,740.0,1
North Carolina,Buncombe,4.0,1522.0,224168.0,12.0,0.01,0.005,740.0,1
Missouri,Bollinger,4.0,32.0,12237.0,12.0,0.0,0.005,740.0,0
Tennessee,Henry,4.0,92.0,31560.0,12.0,0.0,0.005,740.0,0
Kentucky,Lyon,4.0,24.0,8236.0,12.0,0.0,0.005,740.0,0
Wisconsin,Jefferson,4.0,277.0,79834.0,12.0,0.0,0.005,740.0,0
Kentucky,Hickman,4.0,18.0,5031.0,12.0,0.0,0.005,740.0,0
Missouri,Butler,3.0,164.0,41873.0,12.0,0.0,0.005,740.0,0
Kentucky,Calloway,3.0,66.0,35963.0,12.0,0.0,0.005,740.0,0
Missouri,Jasper,3.0,844.0,110715.0,12.0,0.01,0.005,740.0,1
Kentucky,Whitley,3.0,190.0,35888.0,12.0,0.01,0.005,740.0,1
Kentucky,Monroe,3.0,172.0,11268.0,12.0,0.02,0.005,740.0,1
Tennessee,Clay,3.0,25.0,7837.0,12.0,0.0,0.005,740.0,0
Kentucky,Carter,3.0,103.0,27342.0,12.0,0.0,0.005,740.0,0
Wisconsin,Washington,3.0,263.0,125083.0,12.0,0.0,0.005,740.0,0
Kentucky,Trigg,3.0,61.0,13432.0,12.0,0.0,0.005,740.0,0
Wisconsin,Columbia,3.0,194.0,54604.0,12.0,0.0,0.005,740.0,0
Kentucky,Elliott,3.0,17.0,7135.0,12.0,0.0,0.005,740.0,0
Tennessee,Lawrence,3.0,173.0,40830.0,12.0,0.0,0.005,740.0,0
Kentucky,Knox,3.0,133.0,31547.0,12.0,0.0,0.005,740.0,0
North Carolina,Columbus,3.0,207.0,55752.0,12.0,0.0,0.005,740.0,0
South Carolina,Marion,3.0,370.0,33984.0,12.0,0.01,0.005,740.0,1
Kentucky,Leslie,3.0,76.0,11752.0,12.0,0.01,0.005,740.0,1
Kentucky,Adair,3.0,76.0,18141.0,12.0,0.0,0.005,740.0,0
South Carolina,Clarendon,3.0,315.0,33557.0,12.0,0.01,0.005,740.0,1
Kentucky,Letcher,2.0,102.0,24652.0,12.0,0.0,0.005,740.0,0
Tennessee,Pickett,2.0,11.0,4999.0,12.0,0.0,0.005,740.0,0
South Carolina,Barnwell,2.0,166.0,22803.0,12.0,0.01,0.005,740.0,1
Missouri,Marion,2.0,126.0,28459.0,12.0,0.0,0.005,740.0,0
Kentucky,Rowan,2.0,91.0,22848.0,12.0,0.0,0.005,740.0,0
Louisiana,Morehouse,2.0,31.0,29190.0,12.0,0.0,0.005,740.0,0
Kentucky,Floyd,2.0,214.0,40688.0,12.0,0.01,0.005,740.0,1
Wisconsin,Dane,2.0,1220.0,463687.0,12.0,0.0,0.005,740.0,0
Kentucky,Pike,2.0,240.0,66477.0,12.0,0.0,0.005,740.0,0
Kentucky,Martin,2.0,51.0,12848.0,12.0,0.0,0.005,740.0,0
Kentucky,Clinton,2.0,46.0,9914.0,12.0,0.0,0.005,740.0,0
Kentucky,Clay,2.0,184.0,22820.0,12.0,0.01,0.005,740.0,1
Kentucky,Johnson,2.0,122.0,23385.0,12.0,0.01,0.005,740.0,1
Kentucky,Cumberland,2.0,37.0,6996.0,12.0,0.01,0.005,740.0,1
Kentucky,Casey,2.0,64.0,15665.0,12.0,0.0,0.005,740.0,0
Kentucky,McCreary,2.0,43.0,17624.0,12.0,0.0,0.005,740.0,0
Kentucky,Laurel,2.0,247.0,55957.0,12.0,0.0,0.005,740.0,0
Kentucky,Rockcastle,2.0,89.0,16762.0,12.0,0.01,0.005,740.0,1
South Carolina,Colleton,2.0,343.0,38201.0,12.0,0.01,0.005,740.0,1
South Carolina,Bamberg,2.0,105.0,16186.0,12.0,0.01,0.005,740.0,1
Kentucky,Perry,2.0,197.0,28934.0,12.0,0.01,0.005,740.0,1
Kentucky,Wayne,2.0,76.0,20296.0,12.0,0.0,0.005,740.0,0
Missouri,Ripley,2.0,52.0,13793.0,12.0,0.0,0.005,740.0,0
Wisconsin,Green,2.0,113.0,35235.0,12.0,0.0,0.005,740.0,0
Kentucky,Jackson,2.0,63.0,13438.0,12.0,0.0,0.005,740.0,0
Kentucky,Russell,2.0,89.0,17023.0,12.0,0.01,0.005,740.0,1
Minnesota,Anoka,2.0,1148.0,316863.0,12.0,0.0,0.005,740.0,0
Kentucky,Knott,2.0,52.0,16910.0,12.0,0.0,0.005,740.0,0
Kentucky,Morgan,2.0,48.0,13852.0,12.0,0.0,0.005,740.0,0
Kentucky,Menifee,2.0,21.0,6397.0,12.0,0.0,0.005,740.0,0
Kentucky,Breathitt,2.0,94.0,14717.0,12.0,0.01,0.005,740.0,1
Iowa,Jackson,2.0,54.0,19965.0,12.0,0.0,0.005,740.0,0
Kentucky,Powell,1.0,59.0,12772.0,12.0,0.0,0.005,740.0,0
Kentucky,Estill,1.0,88.0,14893.0,12.0,0.01,0.005,740.0,1
Kentucky,Magoffin,1.0,54.0,13229.0,12.0,0.0,0.005,740.0,0
South Carolina,Dorchester,1.0,646.0,118275.0,12.0,0.01,0.005,740.0,1
Minnesota,Hennepin,1.0,6186.0,1138519.0,12.0,0.01,0.005,740.0,1
Wisconsin,Lafayette,1.0,44.0,16603.0,12.0,0.0,0.005,740.0,0
Wisconsin,Grant,1.0,146.0,50417.0,12.0,0.0,0.005,740.0,0
South Carolina,Allendale,1.0,110.0,10748.0,12.0,0.01,0.005,740.0,1
Minnesota,Ramsey,1.0,2908.0,510362.0,12.0,0.01,0.005,740.0,1
Kentucky,Wolfe,1.0,42.0,7155.0,12.0,0.01,0.005,740.0,1
Iowa,Dubuque,1.0,400.0,91797.0,12.0,0.0,0.005,740.0,0
Kentucky,Owsley,1.0,30.0,4774.0,12.0,0.01,0.005,740.0,1
Iowa,Des Moines,1.0,315.0,40980.0,12.0,0.01,0.005,740.0,1
Iowa,Jones,1.0,68.0,20522.0,12.0,0.0,0.005,740.0,0
Iowa,Cedar,1.0,37.0,18253.0,12.0,0.0,0.005,740.0,0
Kentucky,Lee,1.0,36.0,7706.0,12.0,0.0,0.005,740.0,0
South Carolina,Williamsburg,1.0,342.0,35363.0,12.0,0.01,0.005,740.0,1
Iowa,Johnson,1.0,382.0,122856.0,12.0,0.0,0.005,740.0,0
South Carolina,Berkeley,1.0,849.0,162330.0,12.0,0.01,0.005,740.0,1
Iowa,Lee,1.0,232.0,36622.0,12.0,0.01,0.005,740.0,1
Iowa,Louisa,1.0,31.0,11809.0,12.0,0.0,0.005,740.0,0
Iowa,Henry,1.0,82.0,20176.0,12.0,0.0,0.005,740.0,0
Iowa,Washington,0.0,58.0,21328.0,12.0,0.0,0.005,740.0,0
California,San Diego,28.0,11315.0,2972204.0,15.0,0.0,0.0067,5731.0,0
California,Madera,23.0,997.0,138037.0,15.0,0.01,0.0067,5731.0,1
Tennessee,Knox,16.0,2287.0,410154.0,15.0,0.01,0.0067,5731.0,1
Kentucky,Campbell,13.0,380.0,89285.0,15.0,0.0,0.0067,5731.0,0
Kentucky,Oldham,12.0,163.0,54184.0,15.0,0.0,0.0067,5731.0,0
California,Orange,12.0,9380.0,2938868.0,15.0,0.0,0.0067,5731.0,0
Maryland,Baltimore City,12.0,15858.0,635364.0,15.0,0.02,0.0067,5731.0,1
Missouri,St. Louis City,10.0,5433.0,331360.0,15.0,0.02,0.0067,5731.0,1
Kentucky,Kenton,9.0,785.0,155711.0,15.0,0.01,0.0067,5731.0,1
New York,New York,8.0,21486.0,1578824.0,15.0,0.01,0.0067,5731.0,1
Louisiana,Ascension,7.0,305.0,93471.0,15.0,0.0,0.0067,5731.0,0
Kentucky,Boone,5.0,387.0,104128.0,15.0,0.0,0.0067,5731.0,0
California,Tehama,16.0,380.0,59906.0,10.0,0.01,0.0024,315.0,1
California,Sutter,12.0,307.0,87464.0,10.0,0.0,0.0024,315.0,0
Rhode Island,Washington,12.0,509.0,125162.0,10.0,0.0,0.0024,315.0,0
Rhode Island,Newport,11.0,379.0,84130.0,10.0,0.0,0.0024,315.0,0
Massachusetts,Barnstable,9.0,1539.0,217780.0,10.0,0.01,0.0024,315.0,1
Florida,Hillsborough,9.0,7265.0,1137573.0,10.0,0.01,0.0024,315.0,1
Rhode Island,Bristol,9.0,138.0,50398.0,10.0,0.0,0.0024,315.0,0
Louisiana,Plaquemines,9.0,99.0,25282.0,10.0,0.0,0.0024,315.0,0
Rhode Island,Kent,9.0,821.0,166745.0,10.0,0.0,0.0024,315.0,0
Wisconsin,Door,9.0,69.0,27830.0,10.0,0.0,0.0024,315.0,0
Massachusetts,Berkshire,8.0,1030.0,132478.0,10.0,0.01,0.0024,315.0,1
New York,Jefferson,8.0,540.0,114472.0,10.0,0.0,0.0024,315.0,0
California,Shasta,7.0,991.0,172218.0,10.0,0.01,0.0024,315.0,1
Maine,York,7.0,971.0,193246.0,10.0,0.01,0.0024,315.0,1
New Hampshire,Rockingham,7.0,1178.0,287771.0,10.0,0.0,0.0024,315.0,0
Wisconsin,Kewaunee,7.0,42.0,20375.0,10.0,0.0,0.0024,315.0,0
New York,Sullivan,7.0,514.0,75666.0,10.0,0.01,0.0024,315.0,1
New York,Oswego,6.0,436.0,122195.0,10.0,0.0,0.0024,315.0,0
Massachusetts,Franklin,6.0,445.0,71517.0,10.0,0.01,0.0024,315.0,1
New Mexico,Dona Ana,6.0,616.0,192076.0,10.0,0.0,0.0024,315.0,0
California,Plumas,6.0,94.0,20295.0,10.0,0.0,0.0024,315.0,0
New York,Greene,6.0,175.0,48459.0,10.0,0.0,0.0024,315.0,0
North Carolina,Currituck,6.0,85.0,21399.0,10.0,0.0,0.0024,315.0,0
New York,Washington,5.0,250.0,62139.0,10.0,0.0,0.0024,315.0,0
Louisiana,Vermilion,5.0,254.0,56123.0,10.0,0.0,0.0024,315.0,0
New York,St. Lawrence,5.0,765.0,111916.0,10.0,0.01,0.0024,315.0,1
Utah,Box Elder,5.0,116.0,46225.0,10.0,0.0,0.0024,315.0,0
Florida,Bay,5.0,923.0,161199.0,10.0,0.01,0.0024,315.0,1
Utah,Morgan,5.0,8.0,8444.0,10.0,0.0,0.0024,315.0,0
Utah,Summit,5.0,41.0,33496.0,10.0,0.0,0.0024,315.0,0
New York,Franklin,4.0,327.0,51115.0,10.0,0.01,0.0024,315.0,1
New York,Delaware,4.0,173.0,47773.0,10.0,0.0,0.0024,315.0,0
New York,Warren,4.0,317.0,64455.0,10.0,0.0,0.0024,315.0,0
Louisiana,St. Helena,4.0,22.0,10697.0,10.0,0.0,0.0024,315.0,0
North Carolina,Pasquotank,4.0,691.0,37667.0,10.0,0.02,0.0024,315.0,1
New York,Tioga,4.0,74.0,51322.0,10.0,0.0,0.0024,315.0,0
Maine,Cumberland,4.0,1401.0,274784.0,10.0,0.01,0.0024,315.0,1
Florida,St. Johns,4.0,672.0,162709.0,10.0,0.0,0.0024,315.0,0
Vermont,Rutland,4.0,,62260.0,10.0,,0.0024,315.0,1
New York,Tompkins,4.0,252.0,99824.0,10.0,0.0,0.0024,315.0,0
Florida,Pasco,4.0,2133.0,413163.0,10.0,0.01,0.0024,315.0,1
New York,Allegany,4.0,183.0,49346.0,10.0,0.0,0.0024,315.0,0
North Carolina,Camden,4.0,75.0,8637.0,10.0,0.01,0.0024,315.0,1
New York,Cortland,4.0,186.0,49067.0,10.0,0.0,0.0024,315.0,0
Louisiana,Acadia,4.0,307.0,60268.0,10.0,0.01,0.0024,315.0,1
North Carolina,Chowan,4.0,103.0,14614.0,10.0,0.01,0.0024,315.0,1
Florida,Duval,4.0,7081.0,829724.0,10.0,0.01,0.0024,315.0,1
New York,Chenango,4.0,245.0,50872.0,10.0,0.0,0.0024,315.0,0
North Carolina,Perquimans,3.0,108.0,12379.0,10.0,0.01,0.0024,315.0,1
Wisconsin,Oconto,3.0,99.0,36662.0,10.0,0.0,0.0024,315.0,0
New Hampshire,Strafford,3.0,662.0,118582.0,10.0,0.01,0.0024,315.0,1
New York,Schuyler,3.0,97.0,18765.0,10.0,0.01,0.0024,315.0,1
New York,Madison,3.0,341.0,71417.0,10.0,0.0,0.0024,315.0,0
New York,Yates,3.0,96.0,24955.0,10.0,0.0,0.0024,315.0,0
Florida,Polk,3.0,5122.0,550990.0,10.0,0.01,0.0024,315.0,1
New York,Otsego,3.0,171.0,62025.0,10.0,0.0,0.0024,315.0,0
New York,Oneida,3.0,1296.0,234691.0,10.0,0.01,0.0024,315.0,1
New York,Chemung,3.0,631.0,89709.0,10.0,0.01,0.0024,315.0,1
Florida,Lake,3.0,1257.0,261125.0,10.0,0.0,0.0024,315.0,0
Florida,Nassau,3.0,332.0,66102.0,10.0,0.01,0.0024,315.0,1
New York,Montgomery,3.0,437.0,49881.0,10.0,0.01,0.0024,315.0,1
North Carolina,Washington,3.0,32.0,13301.0,10.0,0.0,0.0024,315.0,0
Florida,Clay,3.0,799.0,168690.0,10.0,0.0,0.0024,315.0,0
New Hampshire,Merrimack,3.0,697.0,142119.0,10.0,0.0,0.0024,315.0,0
Wisconsin,Waushara,3.0,74.0,23912.0,10.0,0.0,0.0024,315.0,0
Louisiana,Concordia,3.0,11.0,20376.0,10.0,0.0,0.0024,315.0,0
North Carolina,Carteret,3.0,99.0,63364.0,10.0,0.0,0.0024,315.0,0
Florida,Putnam,3.0,584.0,72443.0,10.0,0.01,0.0024,315.0,1
North Carolina,New Hanover,3.0,1005.0,184861.0,10.0,0.01,0.0024,315.0,1
Florida,Hernando,3.0,847.0,154031.0,10.0,0.01,0.0024,315.0,1
Louisiana,Evangeline,2.0,243.0,34508.0,10.0,0.01,0.0024,315.0,1
Missouri,Daviess,2.0,30.0,8170.0,10.0,0.0,0.0024,315.0,0
Florida,Sumter,2.0,254.0,76026.0,10.0,0.0,0.0024,315.0,0
Iowa,Harrison,2.0,37.0,15113.0,10.0,0.0,0.0024,315.0,0
Louisiana,Jefferson Davis,2.0,92.0,31434.0,10.0,0.0,0.0024,315.0,0
Minnesota,Chisago,2.0,253.0,48207.0,10.0,0.01,0.0024,315.0,1
Florida,Alachua,2.0,1230.0,234585.0,10.0,0.01,0.0024,315.0,1
Colorado,Denver,2.0,3290.0,580942.0,10.0,0.01,0.0024,315.0,1
Minnesota,Isanti,2.0,105.0,35095.0,10.0,0.0,0.0024,315.0,0
Louisiana,Catahoula,2.0,40.0,10548.0,10.0,0.0,0.0024,315.0,0
New York,Herkimer,2.0,213.0,64364.0,10.0,0.0,0.0024,315.0,0
Florida,Marion,2.0,2017.0,298659.0,10.0,0.01,0.0024,315.0,1
Louisiana,Allen,2.0,114.0,25449.0,10.0,0.0,0.0024,315.0,0
Wisconsin,Polk,2.0,139.0,42735.0,10.0,0.0,0.0024,315.0,0
North Carolina,Pamlico,2.0,73.0,12858.0,10.0,0.01,0.0024,315.0,1
Wisconsin,Shawano,2.0,153.0,41051.0,10.0,0.0,0.0024,315.0,0
Florida,Wakulla,2.0,102.0,26782.0,10.0,0.0,0.0024,315.0,0
Missouri,Livingston,2.0,80.0,14799.0,10.0,0.01,0.0024,315.0,1
Wisconsin,Portage,2.0,189.0,68524.0,10.0,0.0,0.0024,315.0,0
Louisiana,Sabine,2.0,105.0,23826.0,10.0,0.0,0.0024,315.0,0
Wisconsin,St. Croix,2.0,201.0,74964.0,10.0,0.0,0.0024,315.0,0
Wisconsin,Adams,2.0,69.0,20140.0,10.0,0.0,0.0024,315.0,0
Louisiana,Grant,1.0,91.0,20504.0,10.0,0.0,0.0024,315.0,0
Colorado,Adams,1.0,2217.0,403420.0,10.0,0.01,0.0024,315.0,1
Florida,Levy,1.0,175.0,37437.0,10.0,0.0,0.0024,315.0,0
Louisiana,Vernon,1.0,142.0,51994.0,10.0,0.0,0.0024,315.0,0
Minnesota,Sherburne,1.0,229.0,77847.0,10.0,0.0,0.0024,315.0,0
Louisiana,Caldwell,1.0,15.0,10260.0,10.0,0.0,0.0024,315.0,0
Kansas,Harper,1.0,17.0,6197.0,10.0,0.0,0.0024,315.0,0
Missouri,Grundy,1.0,60.0,10312.0,10.0,0.01,0.0024,315.0,1
Missouri,Adair,1.0,73.0,25194.0,10.0,0.0,0.0024,315.0,0
Missouri,Nodaway,1.0,72.0,22613.0,10.0,0.0,0.0024,315.0,0
Florida,Columbia,1.0,471.0,62136.0,10.0,0.01,0.0024,315.0,1
Louisiana,La Salle,1.0,78.0,14483.0,10.0,0.01,0.0024,315.0,1
Missouri,Gentry,1.0,43.0,6787.0,10.0,0.01,0.0024,315.0,1
Kansas,Wabaunsee,1.0,9.0,6912.0,10.0,0.0,0.0024,315.0,0
Florida,Bradford,1.0,153.0,27152.0,10.0,0.01,0.0024,315.0,1
Missouri,Harrison,1.0,46.0,8795.0,10.0,0.01,0.0024,315.0,1
Wisconsin,Wood,1.0,207.0,74822.0,10.0,0.0,0.0024,315.0,0
Louisiana,Red River,1.0,73.0,9318.0,10.0,0.01,0.0024,315.0,1
Wisconsin,Juneau,1.0,112.0,25671.0,10.0,0.0,0.0024,315.0,0
Missouri,Holt,1.0,17.0,5046.0,10.0,0.0,0.0024,315.0,0
Missouri,Dent,1.0,110.0,15230.0,10.0,0.01,0.0024,315.0,1
California,Glenn,1.0,104.0,27268.0,10.0,0.0,0.0024,315.0,0
California,Napa,1.0,564.0,131141.0,10.0,0.0,0.0024,315.0,0
Missouri,Schuyler,1.0,10.0,4310.0,10.0,0.0,0.0024,315.0,0
Florida,Gilchrist,1.0,47.0,15604.0,10.0,0.0,0.0024,315.0,0
Wisconsin,Marathon,1.0,323.0,129853.0,10.0,0.0,0.0024,315.0,0
Wisconsin,Trempealeau,1.0,62.0,28015.0,10.0,0.0,0.0024,315.0,0
Missouri,Sullivan,1.0,30.0,6851.0,10.0,0.0,0.0024,315.0,0
Kansas,Chase,1.0,7.0,2882.0,10.0,0.0,0.0024,315.0,0
Kansas,Morris,1.0,6.0,5952.0,10.0,0.0,0.0024,315.0,0
Florida,Calhoun,1.0,71.0,13737.0,10.0,0.01,0.0024,315.0,1
Kansas,Jackson,1.0,37.0,13037.0,10.0,0.0,0.0024,315.0,0
Kansas,Riley,1.0,18.0,68106.0,10.0,0.0,0.0024,315.0,0
Kansas,Reno,1.0,132.0,64117.0,10.0,0.0,0.0024,315.0,0
Florida,Liberty,1.0,42.0,7735.0,10.0,0.01,0.0024,315.0,1
Wisconsin,Dunn,1.0,118.0,41983.0,10.0,0.0,0.0024,315.0,0
Wisconsin,Eau Claire,1.0,291.0,96286.0,10.0,0.0,0.0024,315.0,0
Kansas,Geary,1.0,13.0,30671.0,10.0,0.0,0.0024,315.0,0
Wisconsin,Buffalo,1.0,30.0,13673.0,10.0,0.0,0.0024,315.0,0
Missouri,Ozark,1.0,11.0,9537.0,10.0,0.0,0.0024,315.0,0
Florida,Union,1.0,103.0,14456.0,10.0,0.01,0.0024,315.0,1
Wisconsin,Monroe,1.0,166.0,42838.0,10.0,0.0,0.0024,315.0,0
Louisiana,Winn,1.0,102.0,15936.0,10.0,0.01,0.0024,315.0,1
Missouri,Laclede,1.0,130.0,33946.0,10.0,0.0,0.0024,315.0,0
Kansas,Brown,1.0,26.0,10259.0,10.0,0.0,0.0024,315.0,0
Florida,Taylor,1.0,129.0,20911.0,10.0,0.01,0.0024,315.0,1
Missouri,Hickory,1.0,24.0,9239.0,10.0,0.0,0.0024,315.0,0
Wisconsin,Jackson,1.0,83.0,19741.0,10.0,0.0,0.0024,315.0,0
Kansas,Marshall,1.0,22.0,10415.0,10.0,0.0,0.0024,315.0,0
Wisconsin,Pepin,1.0,24.0,7374.0,10.0,0.0,0.0024,315.0,0
Iowa,Monona,1.0,25.0,9544.0,10.0,0.0,0.0024,315.0,0
Missouri,Douglas,1.0,17.0,13340.0,10.0,0.0,0.0024,315.0,0
Missouri,Mercer,1.0,10.0,3731.0,10.0,0.0,0.0024,315.0,0
Kansas,McPherson,1.0,113.0,29178.0,10.0,0.0,0.0024,315.0,0
Minnesota,Benton,1.0,148.0,36735.0,10.0,0.0,0.0024,315.0,0
Florida,Baker,1.0,155.0,24708.0,10.0,0.01,0.0024,315.0,1
Iowa,Worth,1.0,21.0,7710.0,10.0,0.0,0.0024,315.0,0
Minnesota,Steele,1.0,145.0,35128.0,10.0,0.0,0.0024,315.0,0
Kansas,Dickinson,1.0,64.0,19434.0,10.0,0.0,0.0024,315.0,0
Wisconsin,Clark,1.0,79.0,34079.0,10.0,0.0,0.0024,315.0,0
Minnesota,Le Sueur,1.0,70.0,26718.0,10.0,0.0,0.0024,315.0,0
Missouri,Worth,0.0,10.0,2235.0,10.0,0.0,0.0024,315.0,0
Missouri,Wright,0.0,45.0,18336.0,10.0,0.0,0.0024,315.0,0
Iowa,Appanoose,0.0,67.0,13230.0,10.0,0.01,0.0024,315.0,1
Iowa,Franklin,0.0,31.0,10684.0,10.0,0.0,0.0024,315.0,0
Wisconsin,Chippewa,0.0,173.0,59223.0,10.0,0.0,0.0024,315.0,0
Kansas,Kingman,0.0,36.0,8190.0,10.0,0.0,0.0024,315.0,0
Missouri,Shannon,0.0,23.0,8314.0,10.0,0.0,0.0024,315.0,0
Minnesota,Faribault,0.0,33.0,15234.0,10.0,0.0,0.0024,315.0,0
Iowa,Montgomery,0.0,46.0,11113.0,10.0,0.0,0.0024,315.0,0
Missouri,Putnam,0.0,21.0,5070.0,10.0,0.0,0.0024,315.0,0
Minnesota,Waseca,0.0,68.0,19140.0,10.0,0.0,0.0024,315.0,0
Iowa,Wayne,0.0,26.0,6547.0,10.0,0.0,0.0024,315.0,0
Iowa,Taylor,0.0,19.0,6596.0,10.0,0.0,0.0024,315.0,0
Florida,Lafayette,0.0,27.0,7837.0,10.0,0.0,0.0024,315.0,0
Iowa,Decatur,0.0,25.0,8464.0,10.0,0.0,0.0024,315.0,0
Iowa,Clarke,0.0,47.0,9147.0,10.0,0.01,0.0024,315.0,1
Minnesota,Blue Earth,0.0,151.0,60383.0,10.0,0.0,0.0024,315.0,0
Iowa,Wright,0.0,46.0,13677.0,10.0,0.0,0.0024,315.0,0
Minnesota,Nicollet,0.0,92.0,31465.0,10.0,0.0,0.0024,315.0,0
Kansas,Nemaha,0.0,17.0,10363.0,10.0,0.0,0.0024,315.0,0
Kansas,Ottawa,0.0,13.0,6082.0,10.0,0.0,0.0024,315.0,0
Iowa,Winnebago,0.0,24.0,11178.0,10.0,0.0,0.0024,315.0,0
Minnesota,Sibley,0.0,37.0,15168.0,10.0,0.0,0.0024,315.0,0
Kansas,Saline,0.0,254.0,54544.0,10.0,0.0,0.0024,315.0,0
Iowa,Kossuth,0.0,29.0,16254.0,10.0,0.0,0.0024,315.0,0
Iowa,Howard,0.0,25.0,9711.0,10.0,0.0,0.0024,315.0,0
Iowa,Dallas,0.0,119.0,55681.0,10.0,0.0,0.0024,315.0,0
Iowa,Hancock,0.0,44.0,11652.0,10.0,0.0,0.0024,315.0,0
Iowa,Greene,0.0,48.0,9745.0,10.0,0.0,0.0024,315.0,0
Iowa,Boone,0.0,94.0,26254.0,10.0,0.0,0.0024,315.0,0
Kansas,Clay,0.0,21.0,8605.0,10.0,0.0,0.0024,315.0,0
Iowa,Hamilton,0.0,74.0,15968.0,10.0,0.0,0.0024,315.0,0
Iowa,Page,0.0,88.0,16337.0,10.0,0.01,0.0024,315.0,1
Iowa,Crawford,0.0,43.0,17002.0,10.0,0.0,0.0024,315.0,0
Iowa,Humboldt,0.0,37.0,10044.0,10.0,0.0,0.0024,315.0,0
Iowa,Lucas,0.0,35.0,9158.0,10.0,0.0,0.0024,315.0,0
California,Santa Cruz,0.0,896.0,257301.0,10.0,0.0,0.0024,315.0,0
Iowa,Calhoun,0.0,35.0,10415.0,10.0,0.0,0.0024,315.0,0
Missouri,Atchison,0.0,31.0,6021.0,10.0,0.01,0.0024,315.0,1
Iowa,Union,0.0,65.0,12364.0,10.0,0.01,0.0024,315.0,1
Iowa,Warren,0.0,94.0,43713.0,10.0,0.0,0.0024,315.0,0
Iowa,Ringgold,0.0,10.0,5238.0,10.0,0.0,0.0024,315.0,0
Kansas,Washington,0.0,7.0,6057.0,10.0,0.0,0.0024,315.0,0
Iowa,Webster,0.0,210.0,38662.0,10.0,0.01,0.0024,315.0,1
Iowa,Emmet,0.0,39.0,10536.0,10.0,0.0,0.0024,315.0,0
Iowa,Woodbury,0.0,412.0,102350.0,10.0,0.0,0.0024,315.0,0
Iowa,Polk,0.0,2031.0,406635.0,10.0,0.0,0.0024,315.0,0
Iowa,Adams,0.0,11.0,4212.0,10.0,0.0,0.0024,315.0,0
Iowa,Mills,0.0,37.0,14740.0,10.0,0.0,0.0024,315.0,0
Iowa,Madison,0.0,44.0,14845.0,10.0,0.0,0.0024,315.0,0
Iowa,Guthrie,0.0,35.0,11093.0,10.0,0.0,0.0024,315.0,0
California,Siskiyou,0.0,166.0,44343.0,10.0,0.0,0.0024,315.0,0
Iowa,Fremont,0.0,23.0,7595.0,10.0,0.0,0.0024,315.0,0
Minnesota,Brown,0.0,73.0,26305.0,10.0,0.0,0.0024,315.0,0
Minnesota,Martin,0.0,63.0,21132.0,10.0,0.0,0.0024,315.0,0
Minnesota,Stearns,0.0,375.0,142522.0,10.0,0.0,0.0024,315.0,0
California,Marin,0.0,694.0,249131.0,10.0,0.0,0.0024,315.0,0
Minnesota,Kandiyohi,0.0,96.0,41729.0,10.0,0.0,0.0024,315.0,0
Minnesota,Jackson,0.0,22.0,10726.0,10.0,0.0,0.0024,315.0,0
Minnesota,Rock,0.0,22.0,9634.0,10.0,0.0,0.0024,315.0,0
Minnesota,Renville,0.0,38.0,16262.0,10.0,0.0,0.0024,315.0,0
Minnesota,Redwood,0.0,38.0,16284.0,10.0,0.0,0.0024,315.0,0
Kansas,Cloud,0.0,11.0,9790.0,10.0,0.0,0.0024,315.0,0
Minnesota,Nobles,0.0,40.0,21068.0,10.0,0.0,0.0024,315.0,0
Minnesota,Meeker,0.0,44.0,22958.0,10.0,0.0,0.0024,315.0,0
Minnesota,McLeod,0.0,110.0,35713.0,10.0,0.0,0.0024,315.0,0
Kansas,Republic,0.0,11.0,5311.0,10.0,0.0,0.0024,315.0,0
Minnesota,Cottonwood,0.0,23.0,11918.0,10.0,0.0,0.0024,315.0,0
Iowa,Clay,0.0,51.0,16940.0,10.0,0.0,0.0024,315.0,0
Iowa,Dickinson,0.0,38.0,16550.0,10.0,0.0,0.0024,315.0,0
Iowa,Ida,0.0,17.0,7422.0,10.0,0.0,0.0024,315.0,0
Iowa,Cherokee,0.0,26.0,12440.0,10.0,0.0,0.0024,315.0,0
Iowa,Cass,0.0,28.0,14138.0,10.0,0.0,0.0024,315.0,0
Iowa,Carroll,0.0,51.0,21018.0,10.0,0.0,0.0024,315.0,0
Iowa,Adair,0.0,20.0,7875.0,10.0,0.0,0.0024,315.0,0
Iowa,Audubon,0.0,16.0,6351.0,10.0,0.0,0.0024,315.0,0
Iowa,Buena Vista,0.0,75.0,20245.0,10.0,0.0,0.0024,315.0,0
Minnesota,Watonwan,0.0,37.0,11465.0,10.0,0.0,0.0024,315.0,0
Iowa,Sac,0.0,33.0,10839.0,10.0,0.0,0.0024,315.0,0
Iowa,Shelby,0.0,36.0,12566.0,10.0,0.0,0.0024,315.0,0
Iowa,Sioux,0.0,50.0,32909.0,10.0,0.0,0.0024,315.0,0
Iowa,Lyon,0.0,13.0,11693.0,10.0,0.0,0.0024,315.0,0
Minnesota,Yellow Medicine,0.0,26.0,10706.0,10.0,0.0,0.0024,315.0,0
Iowa,O'Brien,0.0,37.0,14641.0,10.0,0.0,0.0024,315.0,0
Iowa,Osceola,0.0,12.0,6691.0,10.0,0.0,0.0024,315.0,0
Iowa,Palo Alto,0.0,25.0,9689.0,10.0,0.0,0.0024,315.0,0
Iowa,Plymouth,0.0,43.0,24854.0,10.0,0.0,0.0024,315.0,0
Iowa,Pocahontas,0.0,26.0,7900.0,10.0,0.0,0.0024,315.0,0
Kentucky,Jefferson,14.0,6276.0,719554.0,16.0,0.01,0.01,6276.0,1
Colorado,Larimer,11.0,929.0,279366.0,8.0,0.0,0.0021,410.0,0
Colorado,Douglas,10.0,459.0,236783.0,8.0,0.0,0.0021,410.0,0
Arizona,Gila,10.0,239.0,51987.0,8.0,0.0,0.0021,410.0,0
California,Inyo,10.0,89.0,18327.0,8.0,0.0,0.0021,410.0,0
Massachusetts,Nantucket,8.0,123.0,9734.0,8.0,0.01,0.0021,410.0,1
Colorado,Boulder,5.0,674.0,288182.0,8.0,0.0,0.0021,410.0,0
Arizona,Mohave,4.0,934.0,180518.0,8.0,0.01,0.0021,410.0,1
Maine,Knox,4.0,228.0,39773.0,8.0,0.01,0.0021,410.0,1
California,Mono,4.0,28.0,13415.0,8.0,0.0,0.0021,410.0,0
New Hampshire,Coos,4.0,204.0,33112.0,8.0,0.01,0.0021,410.0,1
New York,Hamilton,3.0,10.0,5048.0,8.0,0.0,0.0021,410.0,0
Arizona,La Paz,3.0,103.0,19895.0,8.0,0.01,0.0021,410.0,1
California,Sierra,2.0,13.0,3332.0,8.0,0.0,0.0021,410.0,0
Maine,Penobscot,2.0,911.0,149754.0,8.0,0.01,0.0021,410.0,1
Maine,Waldo,2.0,208.0,37790.0,8.0,0.01,0.0021,410.0,1
Colorado,El Paso,2.0,2247.0,575592.0,8.0,0.0,0.0021,410.0,0
Vermont,Lamoille,2.0,,23742.0,8.0,,0.0021,410.0,1
Vermont,Caledonia,1.0,,30446.0,8.0,,0.0021,410.0,1
Florida,Brevard,1.0,2365.0,516970.0,8.0,0.0,0.0021,410.0,0
Kansas,Trego,1.0,13.0,3110.0,8.0,0.0,0.0021,410.0,0
Minnesota,Aitkin,1.0,57.0,15709.0,8.0,0.0,0.0021,410.0,0
Florida,Broward,1.0,12200.0,1709770.0,8.0,0.01,0.0021,410.0,1
Florida,Martin,1.0,497.0,138748.0,8.0,0.0,0.0021,410.0,0
Utah,Juab,1.0,26.0,9159.0,8.0,0.0,0.0021,410.0,0
Florida,Palm Beach,1.0,7056.0,1247930.0,8.0,0.01,0.0021,410.0,1
Florida,Okeechobee,1.0,275.0,37949.0,8.0,0.01,0.0021,410.0,1
Wisconsin,Florence,1.0,0.0,4751.0,8.0,0.0,0.0021,410.0,0
Florida,Indian River,1.0,547.0,127089.0,8.0,0.0,0.0021,410.0,0
Wisconsin,Forest,1.0,28.0,9605.0,8.0,0.0,0.0021,410.0,0
Vermont,Essex,1.0,,6365.0,8.0,,0.0021,410.0,1
Colorado,Morgan,1.0,73.0,27535.0,8.0,0.0,0.0021,410.0,0
Florida,Glades,1.0,40.0,11789.0,8.0,0.0,0.0021,410.0,0
Wisconsin,Oneida,1.0,103.0,36266.0,8.0,0.0,0.0021,410.0,0
Utah,Sanpete,1.0,55.0,25128.0,8.0,0.0,0.0021,410.0,0
Florida,St. Lucie,0.0,1452.0,240599.0,8.0,0.01,0.0021,410.0,1
Minnesota,Cass,0.0,98.0,27835.0,8.0,0.0,0.0021,410.0,0
Kansas,Rush,0.0,10.0,3378.0,8.0,0.0,0.0021,410.0,0
Kansas,Ford,0.0,137.0,32801.0,8.0,0.0,0.0021,410.0,0
Utah,Carbon,0.0,86.0,20562.0,8.0,0.0,0.0021,410.0,0
Kansas,Edwards,0.0,8.0,3204.0,8.0,0.0,0.0021,410.0,0
Utah,Rich,0.0,0.0,2087.0,8.0,0.0,0.0021,410.0,0
Wisconsin,Vilas,0.0,79.0,21405.0,8.0,0.0,0.0021,410.0,0
Kansas,Clark,0.0,8.0,2284.0,8.0,0.0,0.0021,410.0,0
Minnesota,Itasca,0.0,190.0,44450.0,8.0,0.0,0.0021,410.0,0
Kansas,Kiowa,0.0,7.0,2940.0,8.0,0.0,0.0021,410.0,0
California,Mendocino,0.0,527.0,86888.0,8.0,0.01,0.0021,410.0,1
Kansas,Ness,0.0,8.0,3249.0,8.0,0.0,0.0021,410.0,0
Kansas,Comanche,0.0,,1934.0,8.0,,0.0021,410.0,1
Wisconsin,Price,0.0,42.0,14851.0,8.0,0.0,0.0021,410.0,0
Kansas,Hodgeman,0.0,0.0,2019.0,8.0,0.0,0.0021,410.0,0
Kansas,Russell,0.0,10.0,7123.0,8.0,0.0,0.0021,410.0,0
Kansas,Seward,0.0,78.0,22588.0,8.0,0.0,0.0021,410.0,0
Utah,Duchesne,0.0,86.0,16591.0,8.0,0.01,0.0021,410.0,1
Kansas,Phillips,0.0,11.0,5745.0,8.0,0.0,0.0021,410.0,0
Kansas,Rooks,0.0,11.0,5411.0,8.0,0.0,0.0021,410.0,0
Wisconsin,Sawyer,0.0,86.0,16387.0,8.0,0.01,0.0021,410.0,1
Wisconsin,Washburn,0.0,60.0,15852.0,8.0,0.0,0.0021,410.0,0
Maine,Aroostook,0.0,687.0,72685.0,8.0,0.01,0.0021,410.0,1
California,Del Norte,0.0,161.0,27966.0,8.0,0.01,0.0021,410.0,1
Kansas,Lane,0.0,7.0,1901.0,8.0,0.0,0.0021,410.0,0
Kansas,Ellis,0.0,90.0,28005.0,8.0,0.0,0.0021,410.0,0
Minnesota,Roseau,0.0,60.0,15996.0,8.0,0.0,0.0021,410.0,0
Minnesota,Beltrami,0.0,145.0,42415.0,8.0,0.0,0.0021,410.0,0
California,Lake,0.0,419.0,61930.0,8.0,0.01,0.0021,410.0,1
California,Modoc,0.0,42.0,9492.0,8.0,0.0,0.0021,410.0,0
New Mexico,Curry,0.0,380.0,47451.0,8.0,0.01,0.0021,410.0,1
Wisconsin,Bayfield,0.0,46.0,15031.0,8.0,0.0,0.0021,410.0,0
Wisconsin,Ashland,0.0,64.0,16409.0,8.0,0.0,0.0021,410.0,0
Kansas,Grant,0.0,26.0,7813.0,8.0,0.0,0.0021,410.0,0
Kansas,Gray,0.0,15.0,5902.0,8.0,0.0,0.0021,410.0,0
Kansas,Haskell,0.0,20.0,4192.0,8.0,0.0,0.0021,410.0,0
Kansas,Kearny,0.0,9.0,4172.0,8.0,0.0,0.0021,410.0,0
Minnesota,Kittson,0.0,14.0,4872.0,8.0,0.0,0.0021,410.0,0
Minnesota,Hubbard,0.0,72.0,19388.0,8.0,0.0,0.0021,410.0,0
Kansas,Graham,0.0,7.0,2792.0,8.0,0.0,0.0021,410.0,0
Kansas,Gove,0.0,0.0,2884.0,8.0,0.0,0.0021,410.0,0
Minnesota,Red Lake,0.0,11.0,4186.0,8.0,0.0,0.0021,410.0,0
Minnesota,Pennington,0.0,44.0,13804.0,8.0,0.0,0.0021,410.0,0
Kansas,Decatur,0.0,7.0,3195.0,8.0,0.0,0.0021,410.0,0
Minnesota,Norman,0.0,16.0,7065.0,8.0,0.0,0.0021,410.0,0
Kansas,Finney,0.0,180.0,37526.0,8.0,0.0,0.0021,410.0,0
Minnesota,Marshall,0.0,24.0,9841.0,8.0,0.0,0.0021,410.0,0
Minnesota,Mahnomen,0.0,28.0,5310.0,8.0,0.01,0.0021,410.0,1
Kansas,Scott,0.0,19.0,4943.0,8.0,0.0,0.0021,410.0,0
Kansas,Sheridan,0.0,7.0,2642.0,8.0,0.0,0.0021,410.0,0
Kansas,Stevens,0.0,9.0,5553.0,8.0,0.0,0.0021,410.0,0
Kansas,Thomas,0.0,15.0,7985.0,8.0,0.0,0.0021,410.0,0
Kansas,Wichita,0.0,8.0,2366.0,8.0,0.0,0.0021,410.0,0
Kansas,Meade,0.0,13.0,4517.0,8.0,0.0,0.0021,410.0,0
Minnesota,Clearwater,0.0,21.0,8580.0,8.0,0.0,0.0021,410.0,0
Kansas,Norton,0.0,9.0,5773.0,8.0,0.0,0.0021,410.0,0
Kansas,Osborne,0.0,9.0,4104.0,8.0,0.0,0.0021,410.0,0
Minnesota,Wadena,0.0,61.0,13667.0,8.0,0.0,0.0021,410.0,0
Maine,Hancock,8.0,297.0,53225.0,7.0,0.01,0.0019,250.0,1
New York,Essex,8.0,202.0,38992.0,7.0,0.01,0.0019,250.0,1
New Mexico,Bernalillo,4.0,2105.0,614752.0,7.0,0.0,0.0019,250.0,0
New Mexico,San Juan,4.0,553.0,121639.0,7.0,0.0,0.0019,250.0,0
Arizona,Yavapai,3.0,757.0,191207.0,7.0,0.0,0.0019,250.0,0
Arizona,Pima,3.0,3223.0,915756.0,7.0,0.0,0.0019,250.0,0
Arizona,Coconino,3.0,326.0,126515.0,7.0,0.0,0.0019,250.0,0
Maine,Washington,2.0,354.0,33337.0,7.0,0.01,0.0019,250.0,1
Arizona,Navajo,2.0,318.0,102554.0,7.0,0.0,0.0019,250.0,0
New Mexico,Sandoval,2.0,375.0,111660.0,7.0,0.0,0.0019,250.0,0
Utah,Washington,2.0,272.0,117951.0,7.0,0.0,0.0019,250.0,0
Arizona,Apache,1.0,278.0,70012.0,7.0,0.0,0.0019,250.0,0
Utah,Iron,1.0,110.0,39915.0,7.0,0.0,0.0019,250.0,0
New Mexico,Eddy,1.0,456.0,52844.0,7.0,0.01,0.0019,250.0,1
Florida,Monroe,1.0,330.0,76779.0,7.0,0.0,0.0019,250.0,0
Arizona,Graham,1.0,227.0,34806.0,7.0,0.01,0.0019,250.0,1
Arizona,Cochise,1.0,575.0,124021.0,7.0,0.0,0.0019,250.0,0
New Mexico,Valencia,1.0,175.0,70748.0,7.0,0.0,0.0019,250.0,0
New Mexico,Lea,1.0,436.0,60909.0,7.0,0.01,0.0019,250.0,1
Utah,Millard,0.0,47.0,12292.0,7.0,0.0,0.0019,250.0,0
Utah,Beaver,0.0,17.0,6211.0,7.0,0.0,0.0019,250.0,0
California,Alpine,0.0,0.0,1195.0,7.0,0.0,0.0019,250.0,0
Maine,Piscataquis,0.0,90.0,17391.0,7.0,0.01,0.0019,250.0,1
Utah,Emery,0.0,24.0,10703.0,7.0,0.0,0.0019,250.0,0
New Mexico,Grant,0.0,154.0,29870.0,7.0,0.01,0.0019,250.0,1
Colorado,Pueblo,0.0,1034.0,150587.0,7.0,0.01,0.0019,250.0,1
Utah,Sevier,0.0,91.0,19696.0,7.0,0.0,0.0019,250.0,0
New Mexico,McKinley,0.0,322.0,72150.0,7.0,0.0,0.0019,250.0,0
Minnesota,Lake,0.0,39.0,10919.0,7.0,0.0,0.0019,250.0,0
New Mexico,Rio Arriba,0.0,198.0,40186.0,7.0,0.0,0.0019,250.0,0
Colorado,Logan,0.0,81.0,21429.0,7.0,0.0,0.0019,250.0,0
Arizona,Greenlee,0.0,18.0,8483.0,7.0,0.0,0.0019,250.0,0
Arizona,Santa Cruz,0.0,148.0,42676.0,7.0,0.0,0.0019,250.0,0
Wisconsin,Iron,0.0,10.0,6344.0,7.0,0.0,0.0019,250.0,0
Colorado,Washington,0.0,11.0,4880.0,7.0,0.0,0.0019,250.0,0
Kansas,Cheyenne,0.0,11.0,2904.0,7.0,0.0,0.0019,250.0,0
Colorado,Mesa,0.0,397.0,131872.0,7.0,0.0,0.0019,250.0,0
Colorado,Otero,0.0,91.0,19375.0,7.0,0.0,0.0019,250.0,0
Colorado,Yuma,0.0,25.0,9880.0,7.0,0.0,0.0019,250.0,0
Colorado,Sedgwick,0.0,6.0,2523.0,7.0,0.0,0.0019,250.0,0
New Mexico,Roosevelt,0.0,76.0,19104.0,7.0,0.0,0.0019,250.0,0
New Mexico,Otero,0.0,275.0,62835.0,7.0,0.0,0.0019,250.0,0
Colorado,Kit Carson,0.0,16.0,8050.0,7.0,0.0,0.0019,250.0,0
Colorado,Phillips,0.0,10.0,4433.0,7.0,0.0,0.0019,250.0,0
Colorado,Prowers,0.0,52.0,13289.0,7.0,0.0,0.0019,250.0,0
New Mexico,Luna,0.0,94.0,24766.0,7.0,0.0,0.0019,250.0,0
New Mexico,Hidalgo,0.0,10.0,5232.0,7.0,0.0,0.0019,250.0,0
New Mexico,Chaves,0.0,458.0,63323.0,7.0,0.01,0.0019,250.0,1
Colorado,Cheyenne,0.0,0.0,2009.0,7.0,0.0,0.0019,250.0,0
Minnesota,Lake of the Woods,0.0,8.0,4242.0,7.0,0.0,0.0019,250.0,0
Kansas,Greeley,0.0,,1379.0,7.0,,0.0019,250.0,1
Kansas,Hamilton,0.0,9.0,2631.0,7.0,0.0,0.0019,250.0,0
Minnesota,Koochiching,0.0,77.0,13777.0,7.0,0.01,0.0019,250.0,1
Kansas,Logan,0.0,8.0,2894.0,7.0,0.0,0.0019,250.0,0
Kansas,Sherman,0.0,24.0,6296.0,7.0,0.0,0.0019,250.0,0
Kansas,Stanton,0.0,0.0,2278.0,7.0,0.0,0.0019,250.0,0
Kansas,Wallace,0.0,0.0,1601.0,7.0,0.0,0.0019,250.0,0
Minnesota,Cook,0.0,18.0,5142.0,7.0,0.0,0.0019,250.0,0
Kansas,Morton,0.0,0.0,3294.0,7.0,0.0,0.0019,250.0,0
Kansas,Rawlins,0.0,7.0,2758.0,7.0,0.0,0.0019,250.0,0
Utah,Daggett,0.0,0.0,986.0,7.0,0.0,0.0019,250.0,0
Utah,Grand,0.0,26.0,8803.0,7.0,0.0,0.0019,250.0,0
Utah,Uintah,0.0,162.0,29564.0,7.0,0.01,0.0019,250.0,1
Colorado,Gilpin,3.0,9.0,4955.0,6.0,0.0,0.0011,54.0,0
Colorado,Clear Creek,3.0,18.0,9141.0,6.0,0.0,0.0011,54.0,0
Colorado,Park,3.0,16.0,15395.0,6.0,0.0,0.0011,54.0,0
Colorado,Elbert,3.0,34.0,21550.0,6.0,0.0,0.0011,54.0,0
Colorado,Grand,1.0,36.0,13453.0,6.0,0.0,0.0011,54.0,0
Colorado,Teller,1.0,65.0,21859.0,6.0,0.0,0.0011,54.0,0
Colorado,La Plata,1.0,78.0,47982.0,6.0,0.0,0.0011,54.0,0
Colorado,Montezuma,1.0,35.0,24559.0,6.0,0.0,0.0011,54.0,0
Utah,Kane,1.0,15.0,6554.0,6.0,0.0,0.0011,54.0,0
Utah,San Juan,0.0,20.0,14299.0,6.0,0.0,0.0011,54.0,0
Utah,Garfield,0.0,13.0,4803.0,6.0,0.0,0.0011,54.0,0
Colorado,Routt,0.0,14.0,21550.0,6.0,0.0,0.0011,54.0,0
New Mexico,Cibola,0.0,120.0,26665.0,6.0,0.0,0.0011,54.0,0
Colorado,Garfield,0.0,115.0,50054.0,6.0,0.0,0.0011,54.0,0
Colorado,Fremont,0.0,128.0,46237.0,6.0,0.0,0.0011,54.0,0
New Mexico,Santa Fe,0.0,444.0,137179.0,6.0,0.0,0.0011,54.0,0
Utah,Piute,0.0,9.0,1450.0,6.0,0.01,0.0011,54.0,1
Colorado,Lincoln,0.0,15.0,5700.0,6.0,0.0,0.0011,54.0,0
New Mexico,Torrance,0.0,45.0,16231.0,6.0,0.0,0.0011,54.0,0
New Mexico,Los Alamos,0.0,38.0,18148.0,6.0,0.0,0.0011,54.0,0
New Mexico,Union,0.0,15.0,4261.0,6.0,0.0,0.0011,54.0,0
New Mexico,Taos,0.0,159.0,31343.0,6.0,0.01,0.0011,54.0,1
New Mexico,Socorro,0.0,128.0,17723.0,6.0,0.01,0.0011,54.0,1
New Mexico,Sierra,0.0,81.0,12217.0,6.0,0.01,0.0011,54.0,1
New Mexico,San Miguel,0.0,125.0,29426.0,6.0,0.0,0.0011,54.0,0
New Mexico,Quay,0.0,74.0,9383.0,6.0,0.01,0.0011,54.0,1
Colorado,Eagle,0.0,28.0,46660.0,6.0,0.0,0.0011,54.0,0
Colorado,Kiowa,0.0,5.0,1484.0,6.0,0.0,0.0011,54.0,0
Colorado,Las Animas,0.0,43.0,15120.0,6.0,0.0,0.0011,54.0,0
Colorado,Moffat,0.0,31.0,13145.0,6.0,0.0,0.0011,54.0,0
Colorado,Montrose,0.0,92.0,37199.0,6.0,0.0,0.0011,54.0,0
Colorado,Rio Blanco,0.0,9.0,6313.0,6.0,0.0,0.0011,54.0,0
Colorado,Delta,0.0,40.0,29119.0,6.0,0.0,0.0011,54.0,0
Colorado,Crowley,0.0,11.0,5568.0,6.0,0.0,0.0011,54.0,0
New Mexico,Lincoln,0.0,76.0,19621.0,6.0,0.0,0.0011,54.0,0
New Mexico,Harding,0.0,0.0,762.0,6.0,0.0,0.0011,54.0,0
New Mexico,Guadalupe,0.0,14.0,4578.0,6.0,0.0,0.0011,54.0,0
New Mexico,De Baca,0.0,6.0,2080.0,6.0,0.0,0.0011,54.0,0
New Mexico,Colfax,0.0,47.0,13748.0,6.0,0.0,0.0011,54.0,0
New Mexico,Catron,0.0,8.0,3501.0,6.0,0.0,0.0011,54.0,0
Colorado,Alamosa,0.0,67.0,15349.0,6.0,0.0,0.0011,54.0,0
Colorado,Baca,0.0,20.0,4062.0,6.0,0.0,0.0011,54.0,0
Colorado,Bent,0.0,22.0,5978.0,6.0,0.0,0.0011,54.0,0
Utah,Wayne,0.0,0.0,2598.0,6.0,0.0,0.0011,54.0,0
Colorado,Summit,1.0,20.0,25735.0,5.0,0.0,0.0,14.0,0
Colorado,San Miguel,0.0,0.0,7040.0,5.0,0.0,0.0,14.0,0
Colorado,Archuleta,0.0,14.0,11092.0,5.0,0.0,0.0,14.0,0
Colorado,Jackson,0.0,,1450.0,5.0,,0.0,14.0,1
Colorado,San Juan,0.0,0.0,632.0,5.0,0.0,0.0,14.0,0
Colorado,Custer,0.0,8.0,3888.0,5.0,0.0,0.0,14.0,0
Colorado,Chaffee,0.0,44.0,17075.0,5.0,0.0,0.0,14.0,0
Colorado,Dolores,0.0,0.0,1912.0,5.0,0.0,0.0,14.0,0
Colorado,Hinsdale,0.0,0.0,796.0,5.0,0.0,0.0,14.0,0
Colorado,Pitkin,0.0,13.0,15973.0,5.0,0.0,0.0,14.0,0
Colorado,Gunnison,0.0,25.0,14665.0,5.0,0.0,0.0,14.0,0
Colorado,Huerfano,0.0,11.0,7111.0,5.0,0.0,0.0,14.0,0
Colorado,Lake,0.0,18.0,7423.0,5.0,0.0,0.0,14.0,0
Colorado,Mineral,0.0,0.0,768.0,5.0,0.0,0.0,14.0,0
New Mexico,Mora,0.0,15.0,4929.0,5.0,0.0,0.0,14.0,0
Colorado,Ouray,0.0,,4060.0,5.0,,0.0,14.0,1
Colorado,Rio Grande,0.0,44.0,11992.0,5.0,0.0,0.0,14.0,0
Colorado,Saguache,0.0,8.0,6067.0,5.0,0.0,0.0,14.0,0
Colorado,Costilla,0.0,14.0,3590.0,5.0,0.0,0.0,14.0,0
Colorado,Conejos,0.0,21.0,8241.0,5.0,0.0,0.0,14.0,0
